gainrev	init	0

		instr 200

ia	ftgen	89,	0, 64, -2, -1009, -1103, -1123, -1281, -1289, -1307, -1361, -1409, -1429, -1543, -1583, -1601, -1613, -1709, -1801, -1949, -2003, -2111, -2203, -2341, -2411, -2591, -2609, -2749, -2801, -2903, -3001, -3109, -3203, -3301, -3407, -3539, 0.82, 0.81,	0.8,	0.79, 0.78, 0.77, 0.76, 0.75, 0.74, 0.73, 0.72, 0.71, 0.7, 0.69, 0.68, 0.67, 0.66, 0.65, 0.64, 0.63, 0.62, 0.61, 0.6, 0.59, 0.58, 0.57, 0.56, 0.55, 0.54, 0.53, 0.52, 0.51

ib	ftgen	90,	0, 16, -2, -179, -223, -233, -311, -347, -409, -433, -509, 0.76, 0.74, 0.72, 0.7, 0.68, 0.64, 0.62, 0.6

ain		dcblock		gainrev*0.1	
arev	nreverb		ain, 2.5, 0.7, 0, 32, 89, 8, 90
arev	butterlp	arev, 5000
arev	butterlp	arev, 5000

		outs		arev, arev
		
		gainrev	=	0
		
		endin
