page_add 238 3 0 []
note_add 1 238 0 0 36 0.982563337001 0.5 6.0 0 1 0.005 0.098 0.1 0.0 1000.0 1 edit
note_add 2 238 0 6 48 0.677869216687 0.5 3.0 0 1 0.005 0.098 0.1 0.0 1000.0 1 edit
note_add 3 238 0 9 43 0.684561864618 0.5 3.0 0 1 0.005 0.098 0.1 0.0 1000.0 1 edit
note_add 4 238 0 12 43 0.790931552908 0.5 3.0 0 1 0.005 0.098 0.1 0.0 1000.0 1 edit
note_add 5 238 0 15 36 0.684015006275 0.5 3.0 0 1 0.005 0.098 0.1 0.0 1000.0 1 edit
note_add 6 238 0 18 48 0.673900066009 0.5 6.0 0 1 0.005 0.098 0.1 0.0 1000.0 1 edit
note_add 7 238 0 24 43 0.785080465123 0.5 3.0 0 1 0.005 0.098 0.1 0.0 1000.0 1 edit
note_add 8 238 0 27 43 0.705954629686 0.5 3.0 0 1 0.005 0.098 0.1 0.0 1000.0 1 edit
note_add 9 238 0 30 36 0.730218556481 0.5 3.0 0 1 0.005 0.098 0.1 0.0 1000.0 1 edit
note_add 10 238 0 33 48 0.732122018719 0.5 3.0 0 1 0.005 0.098 0.1 0.0 1000.0 1 edit
page_add 237 3 0 []
note_add 1 237 0 0 32 0.977428103603 0.5 12.0 0 1 0.005 0.098 0.1 0.0 1000.0 1 edit
note_add 2 237 0 12 32 0.892916232237 0.5 6.0 0 1 0.005 0.098 0.1 0.0 1000.0 1 edit
note_add 3 237 0 18 36 0.746267101548 0.5 18.0 0 1 0.005 0.098 0.1 0.0 1000.0 1 edit
page_add 236 3 0 []
note_add 1 236 0 0 38 0.908581041036 0.5 12.0 0 1 0.005 0.098 0.1 0.0 1000.0 1 edit
note_add 2 236 0 12 32 0.88973063854 0.5 6.0 0 1 0.005 0.098 0.1 0.0 1000.0 1 edit
note_add 3 236 0 18 32 0.69634792235 0.5 6.0 0 1 0.005 0.098 0.1 0.0 1000.0 1 edit
note_add 4 236 0 24 36 0.792724331664 0.5 12.0 0 1 0.005 0.098 0.1 0.0 1000.0 1 edit
page_add 230 3 0 []
note_add 13 230 0 0 24 0.965124771179 0.5 1 0 137 0.005 0.095 0.0 0 1000 0 mini
note_add 15 230 0 0 30 0.999679369233 0.5 1 0 137 0.005 0.095 0.0 0 1000 0 mini
note_add 19 230 0 6 48 0.734659250604 0.5 1 0 137 0.005 0.095 0.0 0 1000 0 mini
note_add 16 230 0 9 40 0.717392963859 0.5 1 0 137 0.005 0.095 0.0 0 1000 0 mini
note_add 20 230 0 9 48 0.691416510844 0.5 1 0 137 0.005 0.095 0.0 0 1000 0 mini
note_add 21 230 0 15 46 0.74162278643 0.5 1 0 137 0.005 0.095 0.0 0 1000 0 mini
note_add 14 230 0 18 28 0.727633081298 0.5 1 0 137 0.005 0.095 0.0 0 1000 0 mini
note_add 17 230 0 21 36 0.675328782875 0.5 1 0 137 0.005 0.095 0.0 0 1000 0 mini
note_add 22 230 0 21 48 0.713530035192 0.5 1 0 137 0.005 0.095 0.0 0 1000 0 mini
note_add 18 230 0 27 36 0.701886703592 0.5 1 0 137 0.005 0.095 0.0 0 1000 0 mini
note_add 23 230 0 30 42 0.658611098209 0.5 1 0 137 0.005 0.095 0.0 0 1000 0 mini
note_add 24 230 0 33 44 0.698141321821 0.5 1 0 137 0.005 0.095 0.0 0 1000 0 mini
block_add Instrument True 417 324 False {'volume': 0.5, 'reverb': 0, 'name': 'voix', 'pan': 0.5, 'id': 'voix'}
block_add Loop False 501 324 True {'key': 19, 'beats': 3, 'name': 'loop03_2', 'regularity': 0.80000000000000004, 'id': 236}
block_add Loop False 578 324 True {'key': None, 'beats': 3, 'name': 'loop03_3', 'regularity': 0.80000000000000004, 'id': 237}
block_add Instrument False 417 206 False {'volume': 0.5, 'reverb': 0, 'name': 'rhodes', 'pan': 0.5, 'id': 'rhodes'}
block_add Loop False 501 206 True {'key': 18, 'beats': 3, 'name': 'loop03_1', 'regularity': 0.80000000000000004, 'id': 238}
block_add Drum False 253 208 False {'name': 'drum5kit', 'regularity': 0.17265378043653012, 'page': 230, 'volume': 0.5, 'beats': 3, 'seed': 0.61058227696419964, 'key': 61, 'reverb': 0.0, 'id': 'drum5kit'}
sync_beats 3
