page_add 10 11 0 [82, 82, 82, 82, 133]
note_add 9 10 0 0 34 0.942260596881 0.5 1 5 134 0.005 0.095 0.0 0 1000 0 mini
note_add 13 10 0 3 38 0.72175977127 0.5 1 5 134 0.005 0.095 0.0 0 1000 0 mini
note_add 26 10 0 3 42 0.694338417824 0.5 1 5 134 0.005 0.095 0.0 0 1000 0 mini
note_add 1 10 0 6 26 0.725991648348 0.5 1 5 134 0.005 0.095 0.0 0 1000 0 mini
note_add 27 10 0 9 46 0.673789246514 0.5 1 5 134 0.005 0.095 0.0 0 1000 0 mini
note_add 14 10 0 21 40 0.711089872007 0.5 1 5 134 0.005 0.095 0.0 0 1000 0 mini
note_add 28 10 0 21 44 0.724189552495 0.5 1 5 134 0.005 0.095 0.0 0 1000 0 mini
note_add 10 10 0 24 34 0.78660445793 0.5 1 5 134 0.005 0.095 0.0 0 1000 0 mini
note_add 15 10 0 33 38 0.689247104327 0.5 1 5 134 0.005 0.095 0.0 0 1000 0 mini
note_add 29 10 0 36 44 0.892482541278 0.5 1 5 134 0.005 0.095 0.0 0 1000 0 mini
note_add 30 10 0 39 46 0.743841693835 0.5 1 5 134 0.005 0.095 0.0 0 1000 0 mini
note_add 31 10 0 45 42 0.675915254637 0.5 1 5 134 0.005 0.095 0.0 0 1000 0 mini
note_add 2 10 0 48 28 0.867874500271 0.5 1 5 134 0.005 0.095 0.0 0 1000 0 mini
note_add 11 10 0 48 32 0.843933612421 0.5 1 5 134 0.005 0.095 0.0 0 1000 0 mini
note_add 16 10 0 48 36 0.882490480554 0.5 1 5 134 0.005 0.095 0.0 0 1000 0 mini
note_add 32 10 0 51 46 0.7260388951 0.5 1 5 134 0.005 0.095 0.0 0 1000 0 mini
note_add 3 10 0 54 26 0.723548457528 0.5 1 5 134 0.005 0.095 0.0 0 1000 0 mini
note_add 17 10 0 54 40 0.688941454565 0.5 1 5 134 0.005 0.095 0.0 0 1000 0 mini
note_add 18 10 0 57 38 0.692369221065 0.5 1 5 134 0.005 0.095 0.0 0 1000 0 mini
note_add 12 10 0 60 30 0.851574151203 0.5 1 5 134 0.005 0.095 0.0 0 1000 0 mini
note_add 33 10 0 63 42 0.725848400909 0.5 1 5 134 0.005 0.095 0.0 0 1000 0 mini
note_add 4 10 0 72 24 0.844375616982 0.5 1 5 134 0.005 0.095 0.0 0 1000 0 mini
note_add 19 10 0 75 36 0.721617793685 0.5 1 5 134 0.005 0.095 0.0 0 1000 0 mini
note_add 34 10 0 75 44 0.733357608142 0.5 1 5 134 0.005 0.095 0.0 0 1000 0 mini
note_add 5 10 0 84 24 0.816385837458 0.5 1 5 134 0.005 0.095 0.0 0 1000 0 mini
note_add 35 10 0 84 42 0.797679015697 0.5 1 5 134 0.005 0.095 0.0 0 1000 0 mini
note_add 20 10 0 87 40 0.736436950535 0.5 1 5 134 0.005 0.095 0.0 0 1000 0 mini
note_add 21 10 0 93 40 0.678395248218 0.5 1 5 134 0.005 0.095 0.0 0 1000 0 mini
note_add 36 10 0 93 46 0.711345361166 0.5 1 5 134 0.005 0.095 0.0 0 1000 0 mini
note_add 6 10 0 96 24 0.852190617798 0.5 1 5 134 0.005 0.095 0.0 0 1000 0 mini
note_add 22 10 0 99 38 0.730783663308 0.5 1 5 134 0.005 0.095 0.0 0 1000 0 mini
note_add 7 10 0 114 26 0.746689002705 0.5 1 5 134 0.005 0.095 0.0 0 1000 0 mini
note_add 23 10 0 117 36 0.696057408747 0.5 1 5 134 0.005 0.095 0.0 0 1000 0 mini
note_add 37 10 0 117 44 0.704912091309 0.5 1 5 134 0.005 0.095 0.0 0 1000 0 mini
note_add 8 10 0 120 26 0.89517776125 0.5 1 5 134 0.005 0.095 0.0 0 1000 0 mini
note_add 24 10 0 120 38 0.775461496957 0.5 1 5 134 0.005 0.095 0.0 0 1000 0 mini
note_add 25 10 0 123 36 0.671213642754 0.5 1 5 134 0.005 0.095 0.0 0 1000 0 mini
note_add 38 10 0 123 48 0.657357627725 0.5 1 5 134 0.005 0.095 0.0 0 1000 0 mini
page_add 9 3 0 [82, 82, 82, 82, 133]
note_add 1 9 0 0 24 0.939922537979 0.5 1 5 137 0.005 0.095 0.0 0 1000 0 mini
note_add 3 9 0 0 32 0.919417513279 0.5 1 5 137 0.005 0.095 0.0 0 1000 0 mini
note_add 7 9 0 0 46 0.94323408296 0.5 1 5 137 0.005 0.095 0.0 0 1000 0 mini
note_add 4 9 0 3 40 0.698900010891 0.5 1 5 137 0.005 0.095 0.0 0 1000 0 mini
note_add 8 9 0 6 46 0.698856456031 0.5 1 5 137 0.005 0.095 0.0 0 1000 0 mini
note_add 9 9 0 9 46 0.73534413844 0.5 1 5 137 0.005 0.095 0.0 0 1000 0 mini
note_add 2 9 0 12 28 0.777449966123 0.5 1 5 137 0.005 0.095 0.0 0 1000 0 mini
note_add 5 9 0 15 36 0.745537315527 0.5 1 5 137 0.005 0.095 0.0 0 1000 0 mini
note_add 6 9 0 18 40 0.731967099614 0.5 1 5 137 0.005 0.095 0.0 0 1000 0 mini
note_add 10 9 0 18 46 0.659748039959 0.5 1 5 137 0.005 0.095 0.0 0 1000 0 mini
note_add 11 9 0 24 48 0.887567039913 0.5 1 5 137 0.005 0.095 0.0 0 1000 0 mini
note_add 12 9 0 27 48 0.67596583908 0.5 1 5 137 0.005 0.095 0.0 0 1000 0 mini
page_add 8 9 0 [82, 82, 82, 82, 133]
note_add 31 8 0 0 24 0.925548542596 0.5 1 5 134 0.005 0.095 0.0 0 1000 0 mini
note_add 41 8 0 0 40 0.99515399493 0.5 1 5 134 0.005 0.095 0.0 0 1000 0 mini
note_add 51 8 0 3 42 0.656600534211 0.5 1 5 134 0.005 0.095 0.0 0 1000 0 mini
note_add 42 8 0 12 40 0.781608499687 0.5 1 5 134 0.005 0.095 0.0 0 1000 0 mini
note_add 52 8 0 18 42 0.746078356731 0.5 1 5 134 0.005 0.095 0.0 0 1000 0 mini
note_add 32 8 0 24 26 0.842788079016 0.5 1 5 134 0.005 0.095 0.0 0 1000 0 mini
note_add 38 8 0 24 30 0.858448377744 0.5 1 5 134 0.005 0.095 0.0 0 1000 0 mini
note_add 43 8 0 27 38 0.655557996923 0.5 1 5 134 0.005 0.095 0.0 0 1000 0 mini
note_add 33 8 0 36 24 0.84416548026 0.5 1 5 134 0.005 0.095 0.0 0 1000 0 mini
note_add 53 8 0 42 48 0.708755031747 0.5 1 5 134 0.005 0.095 0.0 0 1000 0 mini
note_add 54 8 0 45 46 0.694252886906 0.5 1 5 134 0.005 0.095 0.0 0 1000 0 mini
note_add 34 8 0 48 28 0.790745114826 0.5 1 5 134 0.005 0.095 0.0 0 1000 0 mini
note_add 44 8 0 51 38 0.693079205578 0.5 1 5 134 0.005 0.095 0.0 0 1000 0 mini
note_add 55 8 0 51 48 0.723114366376 0.5 1 5 134 0.005 0.095 0.0 0 1000 0 mini
note_add 56 8 0 57 42 0.74000144627 0.5 1 5 134 0.005 0.095 0.0 0 1000 0 mini
note_add 45 8 0 60 36 0.844357847996 0.5 1 5 134 0.005 0.095 0.0 0 1000 0 mini
note_add 46 8 0 63 36 0.670774638825 0.5 1 5 134 0.005 0.095 0.0 0 1000 0 mini
note_add 57 8 0 69 42 0.666807403745 0.5 1 5 134 0.005 0.095 0.0 0 1000 0 mini
note_add 35 8 0 72 24 0.802855117652 0.5 1 5 134 0.005 0.095 0.0 0 1000 0 mini
note_add 39 8 0 72 32 0.850137481504 0.5 1 5 134 0.005 0.095 0.0 0 1000 0 mini
note_add 58 8 0 75 42 0.714082247268 0.5 1 5 134 0.005 0.095 0.0 0 1000 0 mini
note_add 36 8 0 84 28 0.854088386031 0.5 1 5 134 0.005 0.095 0.0 0 1000 0 mini
note_add 47 8 0 84 38 0.816924020176 0.5 1 5 134 0.005 0.095 0.0 0 1000 0 mini
note_add 48 8 0 87 38 0.698932384487 0.5 1 5 134 0.005 0.095 0.0 0 1000 0 mini
note_add 59 8 0 87 42 0.674609289728 0.5 1 5 134 0.005 0.095 0.0 0 1000 0 mini
note_add 37 8 0 96 26 0.884421425859 0.5 1 5 134 0.005 0.095 0.0 0 1000 0 mini
note_add 40 8 0 96 32 0.816095303092 0.5 1 5 134 0.005 0.095 0.0 0 1000 0 mini
note_add 49 8 0 96 40 0.85609056018 0.5 1 5 134 0.005 0.095 0.0 0 1000 0 mini
note_add 50 8 0 99 36 0.739998407875 0.5 1 5 134 0.005 0.095 0.0 0 1000 0 mini
note_add 60 8 0 99 48 0.735836941454 0.5 1 5 134 0.005 0.095 0.0 0 1000 0 mini
page_add 5 3 0 [82, 82, 82, 82, 133]
note_add 13 5 0 0 28 0.948923051548 0.5 1 5 137 0.005 0.095 0.0 0 1000 0 mini
note_add 15 5 0 0 32 0.983674976389 0.5 1 5 137 0.005 0.095 0.0 0 1000 0 mini
note_add 16 5 0 3 38 0.676515455171 0.5 1 5 137 0.005 0.095 0.0 0 1000 0 mini
note_add 19 5 0 3 44 0.748902416777 0.5 1 5 137 0.005 0.095 0.0 0 1000 0 mini
note_add 20 5 0 9 42 0.721823750258 0.5 1 5 137 0.005 0.095 0.0 0 1000 0 mini
note_add 14 5 0 18 26 0.727501183971 0.5 1 5 137 0.005 0.095 0.0 0 1000 0 mini
note_add 21 5 0 18 42 0.692538780737 0.5 1 5 137 0.005 0.095 0.0 0 1000 0 mini
note_add 22 5 0 21 42 0.704638060569 0.5 1 5 137 0.005 0.095 0.0 0 1000 0 mini
note_add 17 5 0 27 38 0.699231033599 0.5 1 5 137 0.005 0.095 0.0 0 1000 0 mini
note_add 23 5 0 27 42 0.710291506584 0.5 1 5 137 0.005 0.095 0.0 0 1000 0 mini
note_add 18 5 0 33 38 0.740104587325 0.5 1 5 137 0.005 0.095 0.0 0 1000 0 mini
note_add 24 5 0 33 42 0.712509981931 0.5 1 5 137 0.005 0.095 0.0 0 1000 0 mini
page_add 11 9 0 [82, 82, 82, 82, 133]
note_add 1 11 0 0 28 0.940708810641 0.5 1.0 5 134 0.005 0.095 0.0 0.0 1000.0 1 mini
note_add 8 11 0 0 30 0.917125893398 0.5 1.0 5 134 0.005 0.095 0.0 0.0 1000.0 1 mini
note_add 11 11 0 3 38 0.659757355829 0.5 1.0 5 134 0.005 0.095 0.0 0.0 1000.0 1 mini
note_add 21 11 0 3 46 0.691197364433 0.5 1.0 5 134 0.005 0.095 0.0 0.0 1000.0 1 mini
note_add 12 11 0 15 36 0.728363093232 0.5 1.0 5 134 0.005 0.095 0.0 0.0 1000.0 1 mini
note_add 22 11 0 15 48 0.651730437628 0.5 1.0 5 134 0.005 0.095 0.0 0.0 1000.0 1 mini
note_add 13 11 0 21 36 0.748099491714 0.5 1.0 5 134 0.005 0.095 0.0 0.0 1000.0 1 mini
note_add 23 11 0 21 42 0.691142328317 0.5 1.0 5 134 0.005 0.095 0.0 0.0 1000.0 1 mini
note_add 2 11 0 24 26 0.799430971651 0.5 1.0 5 134 0.005 0.095 0.0 0.0 1000.0 1 mini
note_add 14 11 0 24 36 0.789827858454 0.5 1.0 5 134 0.005 0.095 0.0 0.0 1000.0 1 mini
note_add 15 11 0 27 40 0.717847096017 0.5 1.0 5 134 0.005 0.095 0.0 0.0 1000.0 1 mini
note_add 24 11 0 27 46 0.68775950814 0.5 1.0 5 134 0.005 0.095 0.0 0.0 1000.0 1 mini
note_add 3 11 0 36 28 0.847659428446 0.5 1.0 5 134 0.005 0.095 0.0 0.0 1000.0 1 mini
note_add 16 11 0 39 38 0.724596484561 0.5 1.0 5 134 0.005 0.095 0.0 0.0 1000.0 1 mini
note_add 17 11 0 42 38 0.672521332617 0.5 1.0 5 134 0.005 0.095 0.0 0.0 1000.0 1 mini
note_add 25 11 0 45 42 0.707153905275 0.5 1.0 5 134 0.005 0.095 0.0 0.0 1000.0 1 mini
note_add 4 11 0 48 26 0.768231729212 0.5 1.0 5 134 0.005 0.095 0.0 0.0 1000.0 1 mini
note_add 9 11 0 48 30 0.797498430547 0.5 1.0 5 134 0.005 0.095 0.0 0.0 1000.0 1 mini
note_add 18 11 0 51 40 0.662933204402 0.5 1.0 5 134 0.005 0.095 0.0 0.0 1000.0 1 mini
note_add 26 11 0 51 46 0.652875237261 0.5 1.0 5 134 0.005 0.095 0.0 0.0 1000.0 1 mini
note_add 5 11 0 60 28 0.870729034797 0.5 1.0 5 134 0.005 0.095 0.0 0.0 1000.0 1 mini
note_add 19 11 0 63 38 0.699990604686 0.5 1.0 5 134 0.005 0.095 0.0 0.0 1000.0 1 mini
note_add 27 11 0 63 46 0.744299692171 0.5 1.0 5 134 0.005 0.095 0.0 0.0 1000.0 1 mini
note_add 28 11 0 69 42 0.674719518782 0.5 1.0 5 134 0.005 0.095 0.0 0.0 1000.0 1 mini
note_add 6 11 0 72 28 0.793569160964 0.5 1.0 5 134 0.005 0.095 0.0 0.0 1000.0 1 mini
note_add 20 11 0 75 36 0.743411205808 0.5 1.0 5 134 0.005 0.095 0.0 0.0 1000.0 1 mini
note_add 10 11 0 84 30 0.76896495703 0.5 1.0 5 134 0.005 0.095 0.0 0.0 1000.0 1 mini
note_add 29 11 0 87 46 0.739799809332 0.5 1.0 5 134 0.005 0.095 0.0 0.0 1000.0 1 mini
note_add 7 11 0 96 28 0.854769659604 0.5 1.0 5 134 0.005 0.095 0.0 0.0 1000.0 1 mini
note_add 30 11 0 96 48 0.88403154664 0.5 1.0 5 134 0.005 0.095 0.0 0.0 1000.0 1 mini
page_add 12 2 0 [88, 76, 56, 82, 135]
note_add 1 12 0 0 45 0.75 0.5 3.0 0 88 0.005 0.098 0.1 0.0 1000.0 1 edit
note_add 2 12 0 3 45 0.75 0.5 3.0 0 88 0.005 0.098 0.1 0.0 1000.0 1 edit
note_add 3 12 0 6 45 0.75 0.5 3.0 0 88 0.005 0.098 0.1 0.0 1000.0 1 edit
note_add 4 12 0 9 41 0.75 0.5 3.0 0 88 0.005 0.098 0.1 0.0 1000.0 1 edit
note_add 5 12 0 12 24 0.75 0.5 3.0 0 88 0.005 0.098 0.1 0.0 1000.0 1 edit
note_add 6 12 0 15 24 0.75 0.5 3.0 0 88 0.005 0.098 0.1 0.0 1000.0 1 edit
note_add 7 12 0 18 38 0.75 0.5 3.0 0 88 0.005 0.098 0.1 0.0 1000.0 1 edit
note_add 8 12 0 21 45 0.75 0.5 3.0 0 88 0.005 0.098 0.1 0.0 1000.0 1 edit
page_add 13 5 0 [88, 76, 56, 82, 135]
note_add 1 13 0 0 48 0.75 0.5 1.0 0 88 0.005 0.098 0.1 0.0 1000.0 1 edit
note_add 3 13 0 1 48 0.75 0.5 1.0 0 88 0.005 0.098 0.1 0.0 1000.0 1 edit
note_add 4 13 0 2 48 0.75 0.5 1.0 0 88 0.005 0.098 0.1 0.0 1000.0 1 edit
note_add 5 13 0 3 48 0.75 0.5 1.0 0 88 0.005 0.098 0.1 0.0 1000.0 1 edit
note_add 6 13 0 4 48 0.75 0.5 1.0 0 88 0.005 0.098 0.1 0.0 1000.0 1 edit
note_add 39 13 0 7 35 0.75 0.5 1.0 0 88 0.005 0.098 0.1 0.0 1000.0 1 edit
note_add 40 13 0 8 36 0.75 0.5 1.0 0 88 0.005 0.098 0.1 0.0 1000.0 1 edit
note_add 41 13 0 9 34 0.75 0.5 1.0 0 88 0.005 0.098 0.1 0.0 1000.0 1 edit
note_add 42 13 0 10 36 0.75 0.5 1.0 0 88 0.005 0.098 0.1 0.0 1000.0 1 edit
note_add 43 13 0 11 34 0.75 0.5 1.0 0 88 0.005 0.098 0.1 0.0 1000.0 1 edit
note_add 2 13 0 12 24 0.75 0.5 1.0 0 88 0.005 0.098 0.1 0.0 1000.0 1 edit
note_add 7 13 0 13 24 0.75 0.5 1.0 0 88 0.005 0.098 0.1 0.0 1000.0 1 edit
note_add 8 13 0 14 24 0.75 0.5 1.0 0 88 0.005 0.098 0.1 0.0 1000.0 1 edit
note_add 9 13 0 15 24 0.75 0.5 1.0 0 88 0.005 0.098 0.1 0.0 1000.0 1 edit
note_add 10 13 0 16 24 0.75 0.5 1.0 0 88 0.005 0.098 0.1 0.0 1000.0 1 edit
note_add 34 13 0 19 35 0.75 0.5 1.0 0 88 0.005 0.098 0.1 0.0 1000.0 1 edit
note_add 35 13 0 20 36 0.75 0.5 1.0 0 88 0.005 0.098 0.1 0.0 1000.0 1 edit
note_add 36 13 0 21 34 0.75 0.5 1.0 0 88 0.005 0.098 0.1 0.0 1000.0 1 edit
note_add 37 13 0 22 36 0.75 0.5 1.0 0 88 0.005 0.098 0.1 0.0 1000.0 1 edit
note_add 38 13 0 23 34 0.75 0.5 1.0 0 88 0.005 0.098 0.1 0.0 1000.0 1 edit
note_add 11 13 0 24 48 0.75 0.5 1.0 0 88 0.005 0.098 0.1 0.0 1000.0 1 edit
note_add 12 13 0 25 48 0.75 0.5 1.0 0 88 0.005 0.098 0.1 0.0 1000.0 1 edit
note_add 13 13 0 26 48 0.75 0.5 1.0 0 88 0.005 0.098 0.1 0.0 1000.0 1 edit
note_add 14 13 0 27 48 0.75 0.5 1.0 0 88 0.005 0.098 0.1 0.0 1000.0 1 edit
note_add 29 13 0 31 35 0.75 0.5 1.0 0 88 0.005 0.098 0.1 0.0 1000.0 1 edit
note_add 30 13 0 32 36 0.75 0.5 1.0 0 88 0.005 0.098 0.1 0.0 1000.0 1 edit
note_add 31 13 0 33 34 0.75 0.5 1.0 0 88 0.005 0.098 0.1 0.0 1000.0 1 edit
note_add 32 13 0 34 36 0.75 0.5 1.0 0 88 0.005 0.098 0.1 0.0 1000.0 1 edit
note_add 33 13 0 35 34 0.75 0.5 1.0 0 88 0.005 0.098 0.1 0.0 1000.0 1 edit
note_add 15 13 0 36 24 0.75 0.5 1.0 0 88 0.005 0.098 0.1 0.0 1000.0 1 edit
note_add 16 13 0 37 24 0.75 0.5 1.0 0 88 0.005 0.098 0.1 0.0 1000.0 1 edit
note_add 17 13 0 38 24 0.75 0.5 1.0 0 88 0.005 0.098 0.1 0.0 1000.0 1 edit
note_add 18 13 0 39 24 0.75 0.5 1.0 0 88 0.005 0.098 0.1 0.0 1000.0 1 edit
note_add 24 13 0 43 35 0.75 0.5 1.0 0 88 0.005 0.098 0.1 0.0 1000.0 1 edit
note_add 25 13 0 44 36 0.75 0.5 1.0 0 88 0.005 0.098 0.1 0.0 1000.0 1 edit
note_add 26 13 0 45 34 0.75 0.5 1.0 0 88 0.005 0.098 0.1 0.0 1000.0 1 edit
note_add 27 13 0 46 36 0.75 0.5 1.0 0 88 0.005 0.098 0.1 0.0 1000.0 1 edit
note_add 28 13 0 47 34 0.75 0.5 1.0 0 88 0.005 0.098 0.1 0.0 1000.0 1 edit
note_add 19 13 0 55 35 0.75 0.5 1.0 0 88 0.005 0.098 0.1 0.0 1000.0 1 edit
note_add 20 13 0 56 36 0.75 0.5 1.0 0 88 0.005 0.098 0.1 0.0 1000.0 1 edit
note_add 21 13 0 57 34 0.75 0.5 1.0 0 88 0.005 0.098 0.1 0.0 1000.0 1 edit
note_add 22 13 0 58 36 0.75 0.5 1.0 0 88 0.005 0.098 0.1 0.0 1000.0 1 edit
note_add 23 13 0 59 34 0.75 0.5 1.0 0 88 0.005 0.098 0.1 0.0 1000.0 1 edit
page_add 14 3 0 [82, 82, 82, 82, 133]
note_add 3 14 0 0 30 0.900689216372 0.5 1.0 5 137 0.005 0.095 0.0 0.0 1000.0 1 mini
note_add 4 14 0 0 38 0.92403208165 0.5 1.0 5 137 0.005 0.095 0.0 0.0 1000.0 1 mini
note_add 1 14 0 6 24 0.710809973008 0.5 1.0 5 137 0.005 0.095 0.0 0.0 1000.0 1 mini
note_add 7 14 0 6 44 0.680687612344 0.5 1.0 5 137 0.005 0.095 0.0 0.0 1000.0 1 mini
note_add 8 14 0 9 48 0.689412655788 0.5 1.0 5 137 0.005 0.095 0.0 0.0 1000.0 1 mini
note_add 9 14 0 15 44 0.664335685932 0.5 1.0 5 137 0.005 0.095 0.0 0.0 1000.0 1 mini
note_add 10 14 0 21 44 0.699249583758 0.5 1.0 5 137 0.005 0.095 0.0 0.0 1000.0 1 mini
note_add 2 14 0 24 26 0.826542425289 0.5 1.0 5 137 0.005 0.095 0.0 0.0 1000.0 1 mini
note_add 5 14 0 27 38 0.737997319594 0.5 1.0 5 137 0.005 0.095 0.0 0.0 1000.0 1 mini
note_add 11 14 0 27 42 0.671027963479 0.5 1.0 5 137 0.005 0.095 0.0 0.0 1000.0 1 mini
note_add 6 14 0 33 40 0.727866267806 0.5 1.0 5 137 0.005 0.095 0.0 0.0 1000.0 1 mini
note_add 12 14 0 33 48 0.674593053365 0.5 1.0 5 137 0.005 0.095 0.0 0.0 1000.0 1 mini
page_add 15 7 0 [88, 77, 67, 85, 137]
note_add 1 15 0 0 29 0.75 0.5 24.0 0 88 0.005 0.098 0.1 0.0 1000.0 1 edit
note_add 2 15 0 24 44 0.75 0.5 7.0 0 88 0.005 0.098 0.1 0.0 1000.0 1 edit
note_add 3 15 0 36 44 0.75 0.5 6.0 0 88 0.005 0.098 0.1 0.0 1000.0 1 edit
note_add 4 15 0 48 32 0.75 0.5 24.0 0 88 0.005 0.098 0.1 0.0 1000.0 1 edit
block_add Drum False 236 203 False {'name': 'drum5kit', 'regularity': 0.17265378043653012, 'page': 5, 'volume': 0.5, 'beats': 3, 'seed': 0.61058227696419964, 'reverb': 0.0, 'id': 137}
block_add Instrument False 437 137 False {'volume': 0.5, 'reverb': 0, 'name': 'duck', 'pan': 0.5, 'id': 30}
block_add Loop False 567 137 True {'name': 'loop1', 'id': 15}
block_add Instrument True 431 302 False {'volume': 0.5, 'reverb': 0, 'name': 'rhodes', 'pan': 0.5, 'id': 85}
block_add Instrument False 443 445 False {'volume': 0.5, 'reverb': 0, 'name': 'ow', 'pan': 0.5, 'id': 63}
block_add Loop False 550 445 True {'name': 'loop2', 'id': 13}
block_add Loop False 638 445 True {'name': 'loop3', 'id': 12}
block_add Drum False 233 354 False {'name': 'drum2kit', 'regularity': 0.32130953701001352, 'id': 134, 'volume': 0.5, 'beats': 9, 'reverb': 0.0, 'page': 8}
