page_add 895 7 0 []
note_add 138 895 0 0 36 0.984424878015 0.5 12 0 83 0.002 0.1 0.1 0 1000 0 edit
note_add 139 895 0 12 48 0.890407567318 0.5 3 0 83 0.002 0.1 0.1 0 1000 0 edit
note_add 140 895 0 15 43 0.655073482129 0.5 3 0 83 0.002 0.1 0.1 0 1000 0 edit
note_add 141 895 0 18 41 0.727955072002 0.5 12 0 83 0.002 0.1 0.1 0 1000 0 edit
note_add 142 895 0 30 48 0.741436992193 0.5 6 0 83 0.002 0.1 0.1 0 1000 0 edit
note_add 143 895 0 36 48 0.795080775461 0.5 12 0 83 0.002 0.1 0.1 0 1000 0 edit
note_add 144 895 0 54 48 0.728756523577 0.5 3 0 83 0.002 0.1 0.1 0 1000 0 edit
note_add 145 895 0 57 48 0.699835828209 0.5 3 0 83 0.002 0.1 0.1 0 1000 0 edit
note_add 146 895 0 60 43 0.868062851501 0.5 6 0 83 0.002 0.1 0.1 0 1000 0 edit
note_add 147 895 0 66 36 0.709273282515 0.5 3 0 83 0.002 0.1 0.1 0 1000 0 edit
note_add 148 895 0 69 48 0.721329646978 0.5 3 0 83 0.002 0.1 0.1 0 1000 0 edit
note_add 149 895 0 72 43 0.82243912461 0.5 3 0 83 0.002 0.1 0.1 0 1000 0 edit
note_add 150 895 0 78 48 0.681320385591 0.5 6 0 83 0.002 0.1 0.1 0 1000 0 edit
page_add 894 7 0 []
note_add 70 894 0 0 43 0.950815135961 0.5 12 0 83 0.002 0.1 0.1 0 1000 0 edit
note_add 71 894 0 12 48 0.78481668079 0.5 3 0 83 0.002 0.1 0.1 0 1000 0 edit
note_add 72 894 0 15 46 0.729853362306 0.5 3 0 83 0.002 0.1 0.1 0 1000 0 edit
note_add 73 894 0 18 43 0.721389568573 0.5 3 0 83 0.002 0.1 0.1 0 1000 0 edit
note_add 74 894 0 21 48 0.660648711242 0.5 3 0 83 0.002 0.1 0.1 0 1000 0 edit
note_add 75 894 0 24 46 0.81427070169 0.5 3 0 83 0.002 0.1 0.1 0 1000 0 edit
note_add 76 894 0 27 43 0.731611771409 0.5 3 0 83 0.002 0.1 0.1 0 1000 0 edit
note_add 77 894 0 30 48 0.65521091252 0.5 6 0 83 0.002 0.1 0.1 0 1000 0 edit
note_add 78 894 0 36 46 0.803466561888 0.5 3 0 83 0.002 0.1 0.1 0 1000 0 edit
note_add 79 894 0 39 43 0.704155096831 0.5 3 0 83 0.002 0.1 0.1 0 1000 0 edit
note_add 80 894 0 42 48 0.69267023786 0.5 3 0 83 0.002 0.1 0.1 0 1000 0 edit
note_add 81 894 0 45 43 0.650797698115 0.5 3 0 83 0.002 0.1 0.1 0 1000 0 edit
note_add 82 894 0 48 48 0.813217874305 0.5 3 0 83 0.002 0.1 0.1 0 1000 0 edit
note_add 83 894 0 51 46 0.721877925427 0.5 3 0 83 0.002 0.1 0.1 0 1000 0 edit
note_add 84 894 0 57 48 0.735664764514 0.5 3 0 83 0.002 0.1 0.1 0 1000 0 edit
note_add 85 894 0 60 46 0.844444070616 0.5 3 0 83 0.002 0.1 0.1 0 1000 0 edit
note_add 86 894 0 63 43 0.736625919648 0.5 3 0 83 0.002 0.1 0.1 0 1000 0 edit
note_add 87 894 0 66 48 0.661298003373 0.5 3 0 83 0.002 0.1 0.1 0 1000 0 edit
note_add 88 894 0 69 46 0.657710645562 0.5 3 0 83 0.002 0.1 0.1 0 1000 0 edit
note_add 89 894 0 72 43 0.801801662162 0.5 12 0 83 0.002 0.1 0.1 0 1000 0 edit
page_add 893 7 0 []
note_add 16 893 0 0 29 0.907656415748 0.5 6 0 90 0.002 0.1 0.1 0 1000 0 edit
note_add 17 893 0 6 24 0.679545565791 0.5 6 0 90 0.002 0.1 0.1 0 1000 0 edit
note_add 18 893 0 12 27 0.865411995956 0.5 6 0 90 0.002 0.1 0.1 0 1000 0 edit
note_add 19 893 0 18 26 0.709177866326 0.5 3 0 90 0.002 0.1 0.1 0 1000 0 edit
note_add 20 893 0 21 43 0.665058060544 0.5 3 0 90 0.002 0.1 0.1 0 1000 0 edit
note_add 21 893 0 30 29 0.73550512451 0.5 6 0 90 0.002 0.1 0.1 0 1000 0 edit
note_add 22 893 0 36 32 0.767831119826 0.5 6 0 90 0.002 0.1 0.1 0 1000 0 edit
note_add 23 893 0 42 43 0.717378668772 0.5 6 0 90 0.002 0.1 0.1 0 1000 0 edit
note_add 24 893 0 48 34 0.891512044247 0.5 3 0 90 0.002 0.1 0.1 0 1000 0 edit
note_add 25 893 0 51 29 0.710226087037 0.5 3 0 90 0.002 0.1 0.1 0 1000 0 edit
note_add 26 893 0 54 29 0.743230606476 0.5 3 0 90 0.002 0.1 0.1 0 1000 0 edit
note_add 27 893 0 57 24 0.714352736868 0.5 3 0 90 0.002 0.1 0.1 0 1000 0 edit
note_add 28 893 0 60 27 0.889327732436 0.5 3 0 90 0.002 0.1 0.1 0 1000 0 edit
note_add 29 893 0 63 26 0.682031262633 0.5 3 0 90 0.002 0.1 0.1 0 1000 0 edit
note_add 30 893 0 66 43 0.731843768899 0.5 6 0 90 0.002 0.1 0.1 0 1000 0 edit
note_add 31 893 0 72 34 0.88815108072 0.5 3 0 90 0.002 0.1 0.1 0 1000 0 edit
note_add 32 893 0 75 29 0.6802198623 0.5 3 0 90 0.002 0.1 0.1 0 1000 0 edit
note_add 33 893 0 78 32 0.673260806075 0.5 3 0 90 0.002 0.1 0.1 0 1000 0 edit
note_add 34 893 0 81 43 0.749442703216 0.5 3 0 90 0.002 0.1 0.1 0 1000 0 edit
page_add 892 7 0 []
note_add 1 892 0 0 32 0.929137794329 0.5 6.0 0 1 0.005 0.098 0.1 0.0 1000.0 1 edit
note_add 2 892 0 6 32 0.658516835329 0.5 12.0 0 1 0.005 0.098 0.1 0.0 1000.0 1 edit
note_add 3 892 0 18 38 0.681658393996 0.5 12.0 0 1 0.005 0.098 0.1 0.0 1000.0 1 edit
note_add 4 892 0 30 32 0.699822449365 0.5 6.0 0 1 0.005 0.098 0.1 0.0 1000.0 1 edit
note_add 5 892 0 36 32 0.817283176061 0.5 12.0 0 1 0.005 0.098 0.1 0.0 1000.0 1 edit
note_add 6 892 0 48 44 0.774057810069 0.5 18.0 0 1 0.005 0.098 0.1 0.0 1000.0 1 edit
note_add 7 892 0 66 48 0.747100920691 0.5 6.0 0 1 0.005 0.098 0.1 0.0 1000.0 1 edit
note_add 8 892 0 72 48 0.812377589911 0.5 3.0 0 1 0.005 0.098 0.1 0.0 1000.0 1 edit
note_add 9 892 0 75 32 0.681312168088 0.5 3.0 0 1 0.005 0.098 0.1 0.0 1000.0 1 edit
note_add 10 892 0 78 32 0.733215412992 0.5 6.0 0 1 0.005 0.098 0.1 0.0 1000.0 1 edit
page_add 891 7 0 []
note_add 1 891 0 0 44 0.950684130482 0.5 6.0 0 1 0.005 0.098 0.1 0.0 1000.0 1 edit
note_add 2 891 0 6 38 0.743923505744 0.5 12.0 0 1 0.005 0.098 0.1 0.0 1000.0 1 edit
note_add 3 891 0 18 44 0.674226869975 0.5 18.0 0 1 0.005 0.098 0.1 0.0 1000.0 1 edit
note_add 4 891 0 36 41 0.894204673681 0.5 6.0 0 1 0.005 0.098 0.1 0.0 1000.0 1 edit
note_add 5 891 0 42 48 0.653172057252 0.5 6.0 0 1 0.005 0.098 0.1 0.0 1000.0 1 edit
note_add 6 891 0 48 32 0.869912247789 0.5 18.0 0 1 0.005 0.098 0.1 0.0 1000.0 1 edit
note_add 7 891 0 66 43 0.707500105747 0.5 12.0 0 1 0.005 0.098 0.1 0.0 1000.0 1 edit
note_add 8 891 0 78 44 0.712916834774 0.5 6.0 0 1 0.005 0.098 0.1 0.0 1000.0 1 edit
page_add 890 7 0 []
note_add 1 890 0 0 44 0.960668250867 0.5 3.0 0 1 0.005 0.098 0.1 0.0 1000.0 1 edit
note_add 2 890 0 3 41 0.674207321488 0.5 3.0 0 1 0.005 0.098 0.1 0.0 1000.0 1 edit
note_add 3 890 0 6 44 0.734362222586 0.5 3.0 0 1 0.005 0.098 0.1 0.0 1000.0 1 edit
note_add 4 890 0 9 41 0.654866474165 0.5 3.0 0 1 0.005 0.098 0.1 0.0 1000.0 1 edit
note_add 5 890 0 12 44 0.868643464616 0.5 3.0 0 1 0.005 0.098 0.1 0.0 1000.0 1 edit
note_add 6 890 0 15 41 0.696937523027 0.5 3.0 0 1 0.005 0.098 0.1 0.0 1000.0 1 edit
note_add 7 890 0 18 44 0.66148762383 0.5 3.0 0 1 0.005 0.098 0.1 0.0 1000.0 1 edit
note_add 8 890 0 21 41 0.655993591676 0.5 3.0 0 1 0.005 0.098 0.1 0.0 1000.0 1 edit
note_add 9 890 0 24 44 0.873564876668 0.5 3.0 0 1 0.005 0.098 0.1 0.0 1000.0 1 edit
note_add 10 890 0 27 41 0.657079017965 0.5 3.0 0 1 0.005 0.098 0.1 0.0 1000.0 1 edit
note_add 11 890 0 30 44 0.741003605834 0.5 3.0 0 1 0.005 0.098 0.1 0.0 1000.0 1 edit
note_add 12 890 0 33 41 0.703264182119 0.5 3.0 0 1 0.005 0.098 0.1 0.0 1000.0 1 edit
note_add 13 890 0 36 44 0.814119223327 0.5 3.0 0 1 0.005 0.098 0.1 0.0 1000.0 1 edit
note_add 14 890 0 39 41 0.66936374141 0.5 3.0 0 1 0.005 0.098 0.1 0.0 1000.0 1 edit
note_add 15 890 0 42 44 0.679955978904 0.5 3.0 0 1 0.005 0.098 0.1 0.0 1000.0 1 edit
note_add 16 890 0 45 41 0.70856336316 0.5 3.0 0 1 0.005 0.098 0.1 0.0 1000.0 1 edit
note_add 17 890 0 48 44 0.759341048304 0.5 3.0 0 1 0.005 0.098 0.1 0.0 1000.0 1 edit
note_add 18 890 0 51 41 0.746547256267 0.5 3.0 0 1 0.005 0.098 0.1 0.0 1000.0 1 edit
note_add 19 890 0 54 44 0.676933444871 0.5 3.0 0 1 0.005 0.098 0.1 0.0 1000.0 1 edit
note_add 20 890 0 57 41 0.720471098726 0.5 3.0 0 1 0.005 0.098 0.1 0.0 1000.0 1 edit
note_add 21 890 0 60 44 0.86755339579 0.5 3.0 0 1 0.005 0.098 0.1 0.0 1000.0 1 edit
note_add 22 890 0 63 41 0.683523913426 0.5 3.0 0 1 0.005 0.098 0.1 0.0 1000.0 1 edit
note_add 23 890 0 66 44 0.657608601991 0.5 3.0 0 1 0.005 0.098 0.1 0.0 1000.0 1 edit
note_add 24 890 0 69 41 0.653374462124 0.5 3.0 0 1 0.005 0.098 0.1 0.0 1000.0 1 edit
note_add 25 890 0 72 44 0.894314312377 0.5 3.0 0 1 0.005 0.098 0.1 0.0 1000.0 1 edit
note_add 26 890 0 75 41 0.736867494683 0.5 3.0 0 1 0.005 0.098 0.1 0.0 1000.0 1 edit
note_add 27 890 0 78 44 0.666250541746 0.5 3.0 0 1 0.005 0.098 0.1 0.0 1000.0 1 edit
note_add 28 890 0 81 41 0.747987059432 0.5 3.0 0 1 0.005 0.098 0.1 0.0 1000.0 1 edit
page_add 889 7 0 []
note_add 1 889 0 0 32 0.977474510439 0.5 6.0 0 1 0.005 0.098 0.1 0.0 1000.0 1 edit
note_add 2 889 0 6 32 0.707918813499 0.5 12.0 0 1 0.005 0.098 0.1 0.0 1000.0 1 edit
note_add 3 889 0 18 32 0.733850711992 0.5 6.0 0 1 0.005 0.098 0.1 0.0 1000.0 1 edit
note_add 4 889 0 24 34 0.857051574163 0.5 6.0 0 1 0.005 0.098 0.1 0.0 1000.0 1 edit
note_add 5 889 0 30 32 0.668454750857 0.5 6.0 0 1 0.005 0.098 0.1 0.0 1000.0 1 edit
note_add 6 889 0 36 32 0.788716541461 0.5 12.0 0 1 0.005 0.098 0.1 0.0 1000.0 1 edit
note_add 7 889 0 48 32 0.86697793635 0.5 3.0 0 1 0.005 0.098 0.1 0.0 1000.0 1 edit
note_add 8 889 0 51 34 0.688630466836 0.5 3.0 0 1 0.005 0.098 0.1 0.0 1000.0 1 edit
note_add 9 889 0 54 32 0.67683408959 0.5 6.0 0 1 0.005 0.098 0.1 0.0 1000.0 1 edit
note_add 10 889 0 60 32 0.80114956131 0.5 6.0 0 1 0.005 0.098 0.1 0.0 1000.0 1 edit
note_add 11 889 0 66 32 0.706614786384 0.5 6.0 0 1 0.005 0.098 0.1 0.0 1000.0 1 edit
note_add 12 889 0 72 34 0.87371723136 0.5 3.0 0 1 0.005 0.098 0.1 0.0 1000.0 1 edit
note_add 13 889 0 75 32 0.723553578301 0.5 3.0 0 1 0.005 0.098 0.1 0.0 1000.0 1 edit
note_add 14 889 0 78 32 0.67938094618 0.5 3.0 0 1 0.005 0.098 0.1 0.0 1000.0 1 edit
note_add 15 889 0 81 32 0.651122275732 0.5 3.0 0 1 0.005 0.098 0.1 0.0 1000.0 1 edit
block_add Instrument False 218 208 False {'volume': 0.5, 'reverb': 0, 'name': 'violin', 'pan': 0.5, 'id': 'violin'}
block_add Loop False 348 208 True {'key': 19, 'beats': 7, 'name': 'loop07_1', 'regularity': 0.80000000000000004, 'id': 889}
block_add Instrument False 218 337 False {'volume': 0.5, 'reverb': 0, 'name': 'cello', 'pan': 0.5, 'id': 'cello'}
block_add Loop False 348 337 True {'key': 20, 'beats': 7, 'name': 'loop07_0', 'regularity': 0.80000000000000004, 'id': 890}
block_add Instrument False 220 461 False {'volume': 0.5, 'reverb': 0, 'name': 'cello', 'pan': 0.5, 'id': 'cello'}
block_add Loop False 350 461 True {'key': 21, 'beats': 7, 'name': 'loop07_4', 'regularity': 0.80000000000000004, 'id': 892}
block_add Instrument False 218 90 False {'volume': 0.5, 'reverb': 0, 'name': 'violin', 'pan': 0.5, 'id': 'violin'}
block_add Loop False 348 90 True {'key': 18, 'beats': 7, 'name': 'loop07_3', 'regularity': 0.80000000000000004, 'id': 891}
block_add Loop False 517 90 True {'key': None, 'beats': 7, 'name': 'loop07_1', 'regularity': 0.80000000000000004, 'id': 893}
block_add Instrument True 648 302 False {'volume': 0.5, 'reverb': 0, 'name': 'mando', 'pan': 0.5, 'id': 'mando'}
block_add Loop False 778 302 True {'key': 35, 'beats': 7, 'name': 'loop07_3', 'regularity': 0.69999999999999996, 'id': 894}
block_add Loop False 947 302 True {'key': None, 'beats': 7, 'name': 'loop07_3', 'regularity': 0.69999999999999996, 'id': 895}
sync_beats 7
