page_add 227 8 0 []
note_add 1 227 0 0 32 0.925659868182 0.5 6.0 0 1 0.005 0.098 0.1 0.0 1000.0 1 edit
note_add 2 227 0 6 32 0.6911667398 0.5 3.0 0 1 0.005 0.098 0.1 0.0 1000.0 1 edit
note_add 3 227 0 9 34 0.673847362322 0.5 3.0 0 1 0.005 0.098 0.1 0.0 1000.0 1 edit
note_add 4 227 0 12 34 0.869535420663 0.5 3.0 0 1 0.005 0.098 0.1 0.0 1000.0 1 edit
note_add 5 227 0 15 32 0.668348323168 0.5 3.0 0 1 0.005 0.098 0.1 0.0 1000.0 1 edit
note_add 6 227 0 18 32 0.709778522529 0.5 6.0 0 1 0.005 0.098 0.1 0.0 1000.0 1 edit
note_add 7 227 0 24 32 0.849447146337 0.5 6.0 0 1 0.005 0.098 0.1 0.0 1000.0 1 edit
note_add 8 227 0 30 32 0.711729398878 0.5 6.0 0 1 0.005 0.098 0.1 0.0 1000.0 1 edit
note_add 9 227 0 36 32 0.866612182294 0.5 3.0 0 1 0.005 0.098 0.1 0.0 1000.0 1 edit
note_add 10 227 0 39 32 0.657459654993 0.5 3.0 0 1 0.005 0.098 0.1 0.0 1000.0 1 edit
note_add 11 227 0 42 34 0.666975606662 0.5 6.0 0 1 0.005 0.098 0.1 0.0 1000.0 1 edit
note_add 12 227 0 48 34 0.789575824644 0.5 3.0 0 1 0.005 0.098 0.1 0.0 1000.0 1 edit
note_add 13 227 0 51 32 0.67884164747 0.5 3.0 0 1 0.005 0.098 0.1 0.0 1000.0 1 edit
note_add 14 227 0 54 32 0.744742212122 0.5 6.0 0 1 0.005 0.098 0.1 0.0 1000.0 1 edit
note_add 15 227 0 60 32 0.864169727314 0.5 3.0 0 1 0.005 0.098 0.1 0.0 1000.0 1 edit
note_add 16 227 0 63 32 0.654127259721 0.5 3.0 0 1 0.005 0.098 0.1 0.0 1000.0 1 edit
note_add 17 227 0 66 32 0.677590723757 0.5 12.0 0 1 0.005 0.098 0.1 0.0 1000.0 1 edit
note_add 18 227 0 78 32 0.693244118701 0.5 12.0 0 1 0.005 0.098 0.1 0.0 1000.0 1 edit
note_add 19 227 0 90 34 0.682008906013 0.5 6.0 0 1 0.005 0.098 0.1 0.0 1000.0 1 edit
page_add 228 8 0 []
note_add 1 228 0 0 46 0.929352843013 0.5 12.0 0 1 0.005 0.098 0.1 0.0 1000.0 1 edit
note_add 2 228 0 12 46 0.836915427418 0.5 12.0 0 1 0.005 0.098 0.1 0.0 1000.0 1 edit
note_add 3 228 0 24 32 0.790263155895 0.5 12.0 0 1 0.005 0.098 0.1 0.0 1000.0 1 edit
note_add 4 228 0 36 43 0.784494030562 0.5 24.0 0 1 0.005 0.098 0.1 0.0 1000.0 1 edit
note_add 5 228 0 60 46 0.893530007497 0.5 12.0 0 1 0.005 0.098 0.1 0.0 1000.0 1 edit
note_add 6 228 0 72 46 0.809622907273 0.5 6.0 0 1 0.005 0.098 0.1 0.0 1000.0 1 edit
note_add 7 228 0 78 32 0.694420741809 0.5 6.0 0 1 0.005 0.098 0.1 0.0 1000.0 1 edit
note_add 8 228 0 84 46 0.795226231834 0.5 12.0 0 1 0.005 0.098 0.1 0.0 1000.0 1 edit
page_add 229 8 0 []
note_add 1 229 0 0 44 0.944269056188 0.5 6.0 0 1 0.005 0.098 0.1 0.0 1000.0 1 edit
note_add 2 229 0 6 46 0.729319114859 0.5 6.0 0 1 0.005 0.098 0.1 0.0 1000.0 1 edit
note_add 3 229 0 12 48 0.760543989618 0.5 3.0 0 1 0.005 0.098 0.1 0.0 1000.0 1 edit
note_add 4 229 0 15 36 0.722123755241 0.5 3.0 0 1 0.005 0.098 0.1 0.0 1000.0 1 edit
note_add 5 229 0 18 44 0.708072119865 0.5 6.0 0 1 0.005 0.098 0.1 0.0 1000.0 1 edit
note_add 6 229 0 24 46 0.894221345157 0.5 6.0 0 1 0.005 0.098 0.1 0.0 1000.0 1 edit
note_add 7 229 0 30 48 0.68244237846 0.5 6.0 0 1 0.005 0.098 0.1 0.0 1000.0 1 edit
note_add 8 229 0 36 36 0.777443117101 0.5 6.0 0 1 0.005 0.098 0.1 0.0 1000.0 1 edit
note_add 9 229 0 42 44 0.706365814249 0.5 6.0 0 1 0.005 0.098 0.1 0.0 1000.0 1 edit
note_add 10 229 0 48 46 0.831627419172 0.5 6.0 0 1 0.005 0.098 0.1 0.0 1000.0 1 edit
note_add 11 229 0 54 48 0.721992835095 0.5 6.0 0 1 0.005 0.098 0.1 0.0 1000.0 1 edit
note_add 12 229 0 60 36 0.803478459144 0.5 6.0 0 1 0.005 0.098 0.1 0.0 1000.0 1 edit
note_add 13 229 0 66 44 0.724597112713 0.5 6.0 0 1 0.005 0.098 0.1 0.0 1000.0 1 edit
note_add 14 229 0 72 46 0.823442728538 0.5 12.0 0 1 0.005 0.098 0.1 0.0 1000.0 1 edit
note_add 15 229 0 84 48 0.808131071659 0.5 3.0 0 1 0.005 0.098 0.1 0.0 1000.0 1 edit
note_add 16 229 0 87 36 0.65670209975 0.5 3.0 0 1 0.005 0.098 0.1 0.0 1000.0 1 edit
note_add 17 229 0 90 44 0.736655313059 0.5 3.0 0 1 0.005 0.098 0.1 0.0 1000.0 1 edit
note_add 18 229 0 93 46 0.707173856125 0.5 3.0 0 1 0.005 0.098 0.1 0.0 1000.0 1 edit
page_add 230 8 0 []
note_add 1 230 0 0 44 0.964205483761 0.5 3.0 0 1 0.005 0.098 0.1 0.0 1000.0 1 edit
note_add 2 230 0 3 44 0.651865744001 0.5 3.0 0 1 0.005 0.098 0.1 0.0 1000.0 1 edit
note_add 3 230 0 6 44 0.653396642859 0.5 3.0 0 1 0.005 0.098 0.1 0.0 1000.0 1 edit
note_add 4 230 0 9 44 0.688558247992 0.5 3.0 0 1 0.005 0.098 0.1 0.0 1000.0 1 edit
note_add 5 230 0 12 44 0.78652120346 0.5 3.0 0 1 0.005 0.098 0.1 0.0 1000.0 1 edit
note_add 6 230 0 15 44 0.659055701164 0.5 3.0 0 1 0.005 0.098 0.1 0.0 1000.0 1 edit
note_add 7 230 0 18 44 0.744066005297 0.5 3.0 0 1 0.005 0.098 0.1 0.0 1000.0 1 edit
note_add 8 230 0 21 44 0.669903086442 0.5 3.0 0 1 0.005 0.098 0.1 0.0 1000.0 1 edit
note_add 9 230 0 24 44 0.757356687106 0.5 3.0 0 1 0.005 0.098 0.1 0.0 1000.0 1 edit
note_add 10 230 0 27 44 0.713679510091 0.5 3.0 0 1 0.005 0.098 0.1 0.0 1000.0 1 edit
note_add 11 230 0 30 44 0.680212916118 0.5 3.0 0 1 0.005 0.098 0.1 0.0 1000.0 1 edit
note_add 12 230 0 33 44 0.702425459646 0.5 3.0 0 1 0.005 0.098 0.1 0.0 1000.0 1 edit
note_add 13 230 0 36 44 0.756115689115 0.5 3.0 0 1 0.005 0.098 0.1 0.0 1000.0 1 edit
note_add 14 230 0 39 44 0.711131722344 0.5 3.0 0 1 0.005 0.098 0.1 0.0 1000.0 1 edit
note_add 15 230 0 42 44 0.723075036701 0.5 3.0 0 1 0.005 0.098 0.1 0.0 1000.0 1 edit
note_add 16 230 0 45 44 0.692765358115 0.5 3.0 0 1 0.005 0.098 0.1 0.0 1000.0 1 edit
note_add 17 230 0 48 44 0.808823848013 0.5 3.0 0 1 0.005 0.098 0.1 0.0 1000.0 1 edit
note_add 18 230 0 51 44 0.668223705544 0.5 3.0 0 1 0.005 0.098 0.1 0.0 1000.0 1 edit
note_add 19 230 0 54 44 0.692958195306 0.5 3.0 0 1 0.005 0.098 0.1 0.0 1000.0 1 edit
note_add 20 230 0 57 44 0.671325742653 0.5 3.0 0 1 0.005 0.098 0.1 0.0 1000.0 1 edit
note_add 21 230 0 60 44 0.840218398486 0.5 3.0 0 1 0.005 0.098 0.1 0.0 1000.0 1 edit
note_add 22 230 0 63 44 0.74449136697 0.5 3.0 0 1 0.005 0.098 0.1 0.0 1000.0 1 edit
note_add 23 230 0 66 44 0.677903075922 0.5 3.0 0 1 0.005 0.098 0.1 0.0 1000.0 1 edit
note_add 24 230 0 69 44 0.685621355598 0.5 3.0 0 1 0.005 0.098 0.1 0.0 1000.0 1 edit
note_add 25 230 0 72 44 0.806256032 0.5 3.0 0 1 0.005 0.098 0.1 0.0 1000.0 1 edit
note_add 26 230 0 75 44 0.663346781982 0.5 3.0 0 1 0.005 0.098 0.1 0.0 1000.0 1 edit
note_add 27 230 0 78 44 0.691827856997 0.5 3.0 0 1 0.005 0.098 0.1 0.0 1000.0 1 edit
note_add 28 230 0 81 44 0.68135753616 0.5 3.0 0 1 0.005 0.098 0.1 0.0 1000.0 1 edit
note_add 29 230 0 84 44 0.806191023604 0.5 3.0 0 1 0.005 0.098 0.1 0.0 1000.0 1 edit
note_add 30 230 0 87 44 0.730719749924 0.5 3.0 0 1 0.005 0.098 0.1 0.0 1000.0 1 edit
note_add 31 230 0 90 44 0.733946176916 0.5 3.0 0 1 0.005 0.098 0.1 0.0 1000.0 1 edit
note_add 32 230 0 93 44 0.651926437205 0.5 3.0 0 1 0.005 0.098 0.1 0.0 1000.0 1 edit
page_add 231 10 0 []
note_add 1 231 0 0 32 0.918429565796 0.5 12.0 0 1 0.005 0.098 0.1 0.0 1000.0 1 edit
note_add 2 231 0 12 32 0.896238657828 0.5 12.0 0 1 0.005 0.098 0.1 0.0 1000.0 1 edit
note_add 3 231 0 24 43 0.859990108109 0.5 12.0 0 1 0.005 0.098 0.1 0.0 1000.0 1 edit
note_add 4 231 0 36 36 0.780084722939 0.5 18.0 0 1 0.005 0.098 0.1 0.0 1000.0 1 edit
note_add 5 231 0 54 38 0.727509225141 0.5 12.0 0 1 0.005 0.098 0.1 0.0 1000.0 1 edit
note_add 6 231 0 66 48 0.677444860539 0.5 12.0 0 1 0.005 0.098 0.1 0.0 1000.0 1 edit
note_add 7 231 0 78 32 0.704849216477 0.5 6.0 0 1 0.005 0.098 0.1 0.0 1000.0 1 edit
note_add 8 231 0 84 32 0.834177866777 0.5 12.0 0 1 0.005 0.098 0.1 0.0 1000.0 1 edit
note_add 9 231 0 96 32 0.776622928055 0.5 12.0 0 1 0.005 0.098 0.1 0.0 1000.0 1 edit
note_add 10 231 0 108 43 0.750845342026 0.5 6.0 0 1 0.005 0.098 0.1 0.0 1000.0 1 edit
note_add 11 231 0 114 36 0.706362269841 0.5 6.0 0 1 0.005 0.098 0.1 0.0 1000.0 1 edit
page_add 232 10 0 []
note_add 1 232 0 0 44 0.95139538384 0.5 18.0 0 1 0.005 0.098 0.1 0.0 1000.0 1 edit
note_add 2 232 0 18 48 0.723914992791 0.5 12.0 0 1 0.005 0.098 0.1 0.0 1000.0 1 edit
note_add 3 232 0 30 32 0.72952006514 0.5 18.0 0 1 0.005 0.098 0.1 0.0 1000.0 1 edit
note_add 4 232 0 48 46 0.789405290609 0.5 12.0 0 1 0.005 0.098 0.1 0.0 1000.0 1 edit
note_add 5 232 0 60 32 0.8646752285 0.5 6.0 0 1 0.005 0.098 0.1 0.0 1000.0 1 edit
note_add 6 232 0 66 44 0.717710545482 0.5 6.0 0 1 0.005 0.098 0.1 0.0 1000.0 1 edit
note_add 7 232 0 72 48 0.751895182545 0.5 12.0 0 1 0.005 0.098 0.1 0.0 1000.0 1 edit
note_add 8 232 0 84 32 0.807500121395 0.5 18.0 0 1 0.005 0.098 0.1 0.0 1000.0 1 edit
note_add 9 232 0 102 46 0.721952453815 0.5 12.0 0 1 0.005 0.098 0.1 0.0 1000.0 1 edit
note_add 10 232 0 114 32 0.670629591428 0.5 6.0 0 1 0.005 0.098 0.1 0.0 1000.0 1 edit
page_add 233 10 0 []
note_add 1 233 0 0 34 0.997748569928 0.5 3.0 0 1 0.005 0.098 0.1 0.0 1000.0 1 edit
note_add 2 233 0 3 44 0.723576813399 0.5 3.0 0 1 0.005 0.098 0.1 0.0 1000.0 1 edit
note_add 3 233 0 6 44 0.741871004859 0.5 12.0 0 1 0.005 0.098 0.1 0.0 1000.0 1 edit
note_add 4 233 0 18 38 0.689398479169 0.5 12.0 0 1 0.005 0.098 0.1 0.0 1000.0 1 edit
note_add 5 233 0 30 34 0.660355615404 0.5 6.0 0 1 0.005 0.098 0.1 0.0 1000.0 1 edit
note_add 6 233 0 36 44 0.82625049286 0.5 6.0 0 1 0.005 0.098 0.1 0.0 1000.0 1 edit
note_add 7 233 0 42 44 0.741988630551 0.5 6.0 0 1 0.005 0.098 0.1 0.0 1000.0 1 edit
note_add 8 233 0 48 38 0.775260691012 0.5 6.0 0 1 0.005 0.098 0.1 0.0 1000.0 1 edit
note_add 9 233 0 54 34 0.7332263108 0.5 3.0 0 1 0.005 0.098 0.1 0.0 1000.0 1 edit
note_add 10 233 0 57 44 0.703461223395 0.5 3.0 0 1 0.005 0.098 0.1 0.0 1000.0 1 edit
note_add 11 233 0 60 44 0.832207143811 0.5 12.0 0 1 0.005 0.098 0.1 0.0 1000.0 1 edit
note_add 12 233 0 72 38 0.808919522624 0.5 12.0 0 1 0.005 0.098 0.1 0.0 1000.0 1 edit
note_add 13 233 0 84 34 0.809984476763 0.5 6.0 0 1 0.005 0.098 0.1 0.0 1000.0 1 edit
note_add 14 233 0 90 44 0.661661695398 0.5 6.0 0 1 0.005 0.098 0.1 0.0 1000.0 1 edit
note_add 15 233 0 96 44 0.7522709434 0.5 6.0 0 1 0.005 0.098 0.1 0.0 1000.0 1 edit
note_add 16 233 0 102 38 0.651370296265 0.5 6.0 0 1 0.005 0.098 0.1 0.0 1000.0 1 edit
note_add 17 233 0 108 34 0.88308853473 0.5 6.0 0 1 0.005 0.098 0.1 0.0 1000.0 1 edit
note_add 18 233 0 114 44 0.656056171207 0.5 6.0 0 1 0.005 0.098 0.1 0.0 1000.0 1 edit
page_add 234 10 0 []
note_add 1 234 0 0 48 0.979891880558 0.5 3.0 0 1 0.005 0.098 0.1 0.0 1000.0 1 edit
note_add 2 234 0 3 36 0.653076003778 0.5 3.0 0 1 0.005 0.098 0.1 0.0 1000.0 1 edit
note_add 3 234 0 6 48 0.680309821502 0.5 3.0 0 1 0.005 0.098 0.1 0.0 1000.0 1 edit
note_add 4 234 0 9 36 0.732764225227 0.5 3.0 0 1 0.005 0.098 0.1 0.0 1000.0 1 edit
note_add 5 234 0 12 48 0.769826352246 0.5 3.0 0 1 0.005 0.098 0.1 0.0 1000.0 1 edit
note_add 6 234 0 15 36 0.678786909709 0.5 3.0 0 1 0.005 0.098 0.1 0.0 1000.0 1 edit
note_add 7 234 0 18 48 0.664885298095 0.5 3.0 0 1 0.005 0.098 0.1 0.0 1000.0 1 edit
note_add 8 234 0 21 36 0.698420420141 0.5 3.0 0 1 0.005 0.098 0.1 0.0 1000.0 1 edit
note_add 9 234 0 24 48 0.878552200587 0.5 3.0 0 1 0.005 0.098 0.1 0.0 1000.0 1 edit
note_add 10 234 0 27 36 0.662090560587 0.5 3.0 0 1 0.005 0.098 0.1 0.0 1000.0 1 edit
note_add 11 234 0 30 48 0.738971944787 0.5 3.0 0 1 0.005 0.098 0.1 0.0 1000.0 1 edit
note_add 12 234 0 33 36 0.667129605877 0.5 3.0 0 1 0.005 0.098 0.1 0.0 1000.0 1 edit
note_add 13 234 0 36 48 0.803116894964 0.5 3.0 0 1 0.005 0.098 0.1 0.0 1000.0 1 edit
note_add 14 234 0 39 36 0.716572754547 0.5 3.0 0 1 0.005 0.098 0.1 0.0 1000.0 1 edit
note_add 15 234 0 42 48 0.731258823897 0.5 3.0 0 1 0.005 0.098 0.1 0.0 1000.0 1 edit
note_add 16 234 0 45 36 0.712155634947 0.5 3.0 0 1 0.005 0.098 0.1 0.0 1000.0 1 edit
note_add 17 234 0 48 48 0.840071620981 0.5 3.0 0 1 0.005 0.098 0.1 0.0 1000.0 1 edit
note_add 18 234 0 51 36 0.660040151104 0.5 3.0 0 1 0.005 0.098 0.1 0.0 1000.0 1 edit
note_add 19 234 0 54 48 0.7434367206 0.5 3.0 0 1 0.005 0.098 0.1 0.0 1000.0 1 edit
note_add 20 234 0 57 36 0.703695191148 0.5 3.0 0 1 0.005 0.098 0.1 0.0 1000.0 1 edit
note_add 21 234 0 60 48 0.763280464574 0.5 3.0 0 1 0.005 0.098 0.1 0.0 1000.0 1 edit
note_add 22 234 0 63 36 0.66340948072 0.5 3.0 0 1 0.005 0.098 0.1 0.0 1000.0 1 edit
note_add 23 234 0 66 48 0.717965633538 0.5 3.0 0 1 0.005 0.098 0.1 0.0 1000.0 1 edit
note_add 24 234 0 69 36 0.698255623472 0.5 3.0 0 1 0.005 0.098 0.1 0.0 1000.0 1 edit
note_add 25 234 0 72 48 0.870481837423 0.5 3.0 0 1 0.005 0.098 0.1 0.0 1000.0 1 edit
note_add 26 234 0 75 36 0.70292879052 0.5 3.0 0 1 0.005 0.098 0.1 0.0 1000.0 1 edit
note_add 27 234 0 78 48 0.701239054462 0.5 3.0 0 1 0.005 0.098 0.1 0.0 1000.0 1 edit
note_add 28 234 0 81 36 0.707280218411 0.5 3.0 0 1 0.005 0.098 0.1 0.0 1000.0 1 edit
note_add 29 234 0 84 48 0.824319636365 0.5 3.0 0 1 0.005 0.098 0.1 0.0 1000.0 1 edit
note_add 30 234 0 87 36 0.652493438877 0.5 3.0 0 1 0.005 0.098 0.1 0.0 1000.0 1 edit
note_add 31 234 0 90 48 0.691791347032 0.5 3.0 0 1 0.005 0.098 0.1 0.0 1000.0 1 edit
note_add 32 234 0 93 36 0.674363442563 0.5 3.0 0 1 0.005 0.098 0.1 0.0 1000.0 1 edit
note_add 33 234 0 96 48 0.830719213625 0.5 3.0 0 1 0.005 0.098 0.1 0.0 1000.0 1 edit
note_add 34 234 0 99 36 0.661428250271 0.5 3.0 0 1 0.005 0.098 0.1 0.0 1000.0 1 edit
note_add 35 234 0 102 48 0.733125395714 0.5 3.0 0 1 0.005 0.098 0.1 0.0 1000.0 1 edit
note_add 36 234 0 105 36 0.726819629927 0.5 3.0 0 1 0.005 0.098 0.1 0.0 1000.0 1 edit
note_add 37 234 0 108 48 0.78346763842 0.5 3.0 0 1 0.005 0.098 0.1 0.0 1000.0 1 edit
note_add 38 234 0 111 36 0.69729234269 0.5 3.0 0 1 0.005 0.098 0.1 0.0 1000.0 1 edit
note_add 39 234 0 114 48 0.734224587843 0.5 3.0 0 1 0.005 0.098 0.1 0.0 1000.0 1 edit
note_add 40 234 0 117 36 0.654777125602 0.5 3.0 0 1 0.005 0.098 0.1 0.0 1000.0 1 edit
page_add 235 10 0 []
note_add 1 235 0 0 24 0.992077405587 0.5 1.0 0 139 0.005 0.095 0.0 0.0 1000.0 1 mini
note_add 2 235 0 3 40 0.669607830214 0.5 1.0 0 139 0.005 0.095 0.0 0.0 1000.0 1 mini
note_add 3 235 0 6 46 0.653741281816 0.5 1.0 0 139 0.005 0.095 0.0 0.0 1000.0 1 mini
note_add 4 235 0 9 46 0.716919781809 0.5 1.0 0 139 0.005 0.095 0.0 0.0 1000.0 1 mini
note_add 5 235 0 12 24 0.786002652802 0.5 1.0 0 139 0.005 0.095 0.0 0.0 1000.0 1 mini
note_add 6 235 0 12 40 0.893575356955 0.5 1.0 0 139 0.005 0.095 0.0 0.0 1000.0 1 mini
note_add 7 235 0 18 46 0.728851023942 0.5 1.0 0 139 0.005 0.095 0.0 0.0 1000.0 1 mini
note_add 8 235 0 24 24 0.809751374021 0.5 1.0 0 139 0.005 0.095 0.0 0.0 1000.0 1 mini
note_add 9 235 0 24 30 0.829223893298 0.5 1.0 0 139 0.005 0.095 0.0 0.0 1000.0 1 mini
note_add 10 235 0 30 46 0.665618137928 0.5 1.0 0 139 0.005 0.095 0.0 0.0 1000.0 1 mini
note_add 11 235 0 33 46 0.714127990251 0.5 1.0 0 139 0.005 0.095 0.0 0.0 1000.0 1 mini
note_add 12 235 0 36 30 0.820778127889 0.5 1.0 0 139 0.005 0.095 0.0 0.0 1000.0 1 mini
note_add 13 235 0 36 46 0.826854098998 0.5 1.0 0 139 0.005 0.095 0.0 0.0 1000.0 1 mini
note_add 14 235 0 39 40 0.666112616812 0.5 1.0 0 139 0.005 0.095 0.0 0.0 1000.0 1 mini
note_add 15 235 0 42 40 0.670321328465 0.5 1.0 0 139 0.005 0.095 0.0 0.0 1000.0 1 mini
note_add 16 235 0 42 46 0.697780606807 0.5 1.0 0 139 0.005 0.095 0.0 0.0 1000.0 1 mini
note_add 17 235 0 45 46 0.685856547349 0.5 1.0 0 139 0.005 0.095 0.0 0.0 1000.0 1 mini
note_add 18 235 0 48 24 0.880509858292 0.5 1.0 0 139 0.005 0.095 0.0 0.0 1000.0 1 mini
note_add 19 235 0 48 40 0.881731567385 0.5 1.0 0 139 0.005 0.095 0.0 0.0 1000.0 1 mini
note_add 20 235 0 54 46 0.698788070004 0.5 1.0 0 139 0.005 0.095 0.0 0.0 1000.0 1 mini
note_add 21 235 0 57 46 0.746137914425 0.5 1.0 0 139 0.005 0.095 0.0 0.0 1000.0 1 mini
note_add 22 235 0 60 24 0.890567123948 0.5 1.0 0 139 0.005 0.095 0.0 0.0 1000.0 1 mini
note_add 23 235 0 60 40 0.831017846052 0.5 1.0 0 139 0.005 0.095 0.0 0.0 1000.0 1 mini
note_add 24 235 0 63 40 0.688558158868 0.5 1.0 0 139 0.005 0.095 0.0 0.0 1000.0 1 mini
note_add 25 235 0 66 40 0.705448201896 0.5 1.0 0 139 0.005 0.095 0.0 0.0 1000.0 1 mini
note_add 26 235 0 66 46 0.743650961873 0.5 1.0 0 139 0.005 0.095 0.0 0.0 1000.0 1 mini
note_add 27 235 0 72 24 0.751458870506 0.5 1.0 0 139 0.005 0.095 0.0 0.0 1000.0 1 mini
note_add 28 235 0 72 30 0.756521249646 0.5 1.0 0 139 0.005 0.095 0.0 0.0 1000.0 1 mini
note_add 29 235 0 72 40 0.811233142239 0.5 1.0 0 139 0.005 0.095 0.0 0.0 1000.0 1 mini
note_add 30 235 0 72 46 0.765861546546 0.5 1.0 0 139 0.005 0.095 0.0 0.0 1000.0 1 mini
note_add 31 235 0 75 40 0.727844759502 0.5 1.0 0 139 0.005 0.095 0.0 0.0 1000.0 1 mini
note_add 32 235 0 78 46 0.65233811286 0.5 1.0 0 139 0.005 0.095 0.0 0.0 1000.0 1 mini
note_add 33 235 0 81 46 0.740265903764 0.5 1.0 0 139 0.005 0.095 0.0 0.0 1000.0 1 mini
note_add 34 235 0 84 30 0.797508084686 0.5 1.0 0 139 0.005 0.095 0.0 0.0 1000.0 1 mini
note_add 35 235 0 87 40 0.685344815721 0.5 1.0 0 139 0.005 0.095 0.0 0.0 1000.0 1 mini
note_add 36 235 0 87 46 0.669102918623 0.5 1.0 0 139 0.005 0.095 0.0 0.0 1000.0 1 mini
note_add 37 235 0 90 46 0.690457717715 0.5 1.0 0 139 0.005 0.095 0.0 0.0 1000.0 1 mini
note_add 38 235 0 93 46 0.653518051374 0.5 1.0 0 139 0.005 0.095 0.0 0.0 1000.0 1 mini
note_add 39 235 0 96 24 0.761581795154 0.5 1.0 0 139 0.005 0.095 0.0 0.0 1000.0 1 mini
note_add 40 235 0 96 40 0.803138270881 0.5 1.0 0 139 0.005 0.095 0.0 0.0 1000.0 1 mini
note_add 41 235 0 96 46 0.854381556117 0.5 1.0 0 139 0.005 0.095 0.0 0.0 1000.0 1 mini
note_add 42 235 0 102 46 0.660177936677 0.5 1.0 0 139 0.005 0.095 0.0 0.0 1000.0 1 mini
note_add 43 235 0 108 24 0.774264109057 0.5 1.0 0 139 0.005 0.095 0.0 0.0 1000.0 1 mini
note_add 44 235 0 117 46 0.668237203824 0.5 1.0 0 139 0.005 0.095 0.0 0.0 1000.0 1 mini
page_add 236 12 0 []
note_add 1 236 0 0 41 0.905963287418 0.5 18.0 0 1 0.005 0.098 0.1 0.0 1000.0 1 edit
note_add 2 236 0 18 48 0.653981664043 0.5 12.0 0 1 0.005 0.098 0.1 0.0 1000.0 1 edit
note_add 3 236 0 30 44 0.717492007744 0.5 6.0 0 1 0.005 0.098 0.1 0.0 1000.0 1 edit
note_add 4 236 0 36 48 0.759163240751 0.5 12.0 0 1 0.005 0.098 0.1 0.0 1000.0 1 edit
note_add 5 236 0 48 32 0.847283474108 0.5 18.0 0 1 0.005 0.098 0.1 0.0 1000.0 1 edit
note_add 6 236 0 66 34 0.723148245474 0.5 6.0 0 1 0.005 0.098 0.1 0.0 1000.0 1 edit
note_add 7 236 0 72 41 0.805396504679 0.5 12.0 0 1 0.005 0.098 0.1 0.0 1000.0 1 edit
note_add 8 236 0 84 41 0.824886727128 0.5 6.0 0 1 0.005 0.098 0.1 0.0 1000.0 1 edit
note_add 9 236 0 90 48 0.695498873295 0.5 12.0 0 1 0.005 0.098 0.1 0.0 1000.0 1 edit
note_add 10 236 0 102 44 0.681381863923 0.5 6.0 0 1 0.005 0.098 0.1 0.0 1000.0 1 edit
note_add 11 236 0 108 48 0.82969480232 0.5 12.0 0 1 0.005 0.098 0.1 0.0 1000.0 1 edit
note_add 12 236 0 120 32 0.759419195855 0.5 24.0 0 1 0.005 0.098 0.1 0.0 1000.0 1 edit
page_add 237 12 0 []
note_add 1 237 0 0 32 0.992822719235 0.5 18.0 0 1 0.005 0.098 0.1 0.0 1000.0 1 edit
note_add 2 237 0 18 46 0.683065344763 0.5 6.0 0 1 0.005 0.098 0.1 0.0 1000.0 1 edit
note_add 3 237 0 24 32 0.854953231044 0.5 18.0 0 1 0.005 0.098 0.1 0.0 1000.0 1 edit
note_add 4 237 0 42 48 0.720690803169 0.5 6.0 0 1 0.005 0.098 0.1 0.0 1000.0 1 edit
note_add 5 237 0 48 36 0.858725947789 0.5 12.0 0 1 0.005 0.098 0.1 0.0 1000.0 1 edit
note_add 6 237 0 60 32 0.849123576607 0.5 6.0 0 1 0.005 0.098 0.1 0.0 1000.0 1 edit
note_add 7 237 0 66 46 0.690526197115 0.5 6.0 0 1 0.005 0.098 0.1 0.0 1000.0 1 edit
note_add 8 237 0 72 32 0.799919027209 0.5 12.0 0 1 0.005 0.098 0.1 0.0 1000.0 1 edit
note_add 9 237 0 84 48 0.799461741675 0.5 6.0 0 1 0.005 0.098 0.1 0.0 1000.0 1 edit
note_add 10 237 0 90 36 0.743540955168 0.5 6.0 0 1 0.005 0.098 0.1 0.0 1000.0 1 edit
note_add 11 237 0 96 32 0.765305209963 0.5 6.0 0 1 0.005 0.098 0.1 0.0 1000.0 1 edit
note_add 12 237 0 102 46 0.711305174906 0.5 6.0 0 1 0.005 0.098 0.1 0.0 1000.0 1 edit
note_add 13 237 0 108 32 0.87175080938 0.5 12.0 0 1 0.005 0.098 0.1 0.0 1000.0 1 edit
note_add 14 237 0 120 48 0.852562099733 0.5 12.0 0 1 0.005 0.098 0.1 0.0 1000.0 1 edit
note_add 15 237 0 132 36 0.759057589787 0.5 6.0 0 1 0.005 0.098 0.1 0.0 1000.0 1 edit
note_add 16 237 0 138 32 0.651613398376 0.5 6.0 0 1 0.005 0.098 0.1 0.0 1000.0 1 edit
page_add 238 12 0 []
note_add 1 238 0 0 41 0.990798818122 0.5 6.0 0 1 0.005 0.098 0.1 0.0 1000.0 1 edit
note_add 2 238 0 6 48 0.728222618336 0.5 12.0 0 1 0.005 0.098 0.1 0.0 1000.0 1 edit
note_add 3 238 0 18 44 0.720020221419 0.5 6.0 0 1 0.005 0.098 0.1 0.0 1000.0 1 edit
note_add 4 238 0 24 48 0.820706617647 0.5 12.0 0 1 0.005 0.098 0.1 0.0 1000.0 1 edit
note_add 5 238 0 36 41 0.754280833629 0.5 6.0 0 1 0.005 0.098 0.1 0.0 1000.0 1 edit
note_add 6 238 0 42 48 0.650837405159 0.5 6.0 0 1 0.005 0.098 0.1 0.0 1000.0 1 edit
note_add 7 238 0 48 44 0.866938100559 0.5 3.0 0 1 0.005 0.098 0.1 0.0 1000.0 1 edit
note_add 8 238 0 51 48 0.736567529887 0.5 3.0 0 1 0.005 0.098 0.1 0.0 1000.0 1 edit
note_add 9 238 0 54 41 0.656020489483 0.5 6.0 0 1 0.005 0.098 0.1 0.0 1000.0 1 edit
note_add 10 238 0 60 48 0.809392385769 0.5 6.0 0 1 0.005 0.098 0.1 0.0 1000.0 1 edit
note_add 11 238 0 66 44 0.653434163747 0.5 6.0 0 1 0.005 0.098 0.1 0.0 1000.0 1 edit
note_add 12 238 0 72 48 0.874087463664 0.5 6.0 0 1 0.005 0.098 0.1 0.0 1000.0 1 edit
note_add 13 238 0 78 41 0.660855905785 0.5 6.0 0 1 0.005 0.098 0.1 0.0 1000.0 1 edit
note_add 14 238 0 84 48 0.833722200168 0.5 3.0 0 1 0.005 0.098 0.1 0.0 1000.0 1 edit
note_add 15 238 0 87 44 0.688419803681 0.5 3.0 0 1 0.005 0.098 0.1 0.0 1000.0 1 edit
note_add 16 238 0 90 48 0.670022997837 0.5 3.0 0 1 0.005 0.098 0.1 0.0 1000.0 1 edit
note_add 17 238 0 93 41 0.658388832978 0.5 3.0 0 1 0.005 0.098 0.1 0.0 1000.0 1 edit
note_add 18 238 0 96 48 0.805544753099 0.5 3.0 0 1 0.005 0.098 0.1 0.0 1000.0 1 edit
note_add 19 238 0 99 44 0.699618040652 0.5 3.0 0 1 0.005 0.098 0.1 0.0 1000.0 1 edit
note_add 20 238 0 102 48 0.690339349793 0.5 6.0 0 1 0.005 0.098 0.1 0.0 1000.0 1 edit
note_add 21 238 0 108 41 0.803971677644 0.5 6.0 0 1 0.005 0.098 0.1 0.0 1000.0 1 edit
note_add 22 238 0 114 48 0.68052067326 0.5 3.0 0 1 0.005 0.098 0.1 0.0 1000.0 1 edit
note_add 23 238 0 117 44 0.675471950593 0.5 3.0 0 1 0.005 0.098 0.1 0.0 1000.0 1 edit
note_add 24 238 0 120 48 0.823756409447 0.5 6.0 0 1 0.005 0.098 0.1 0.0 1000.0 1 edit
note_add 25 238 0 126 41 0.734161745439 0.5 3.0 0 1 0.005 0.098 0.1 0.0 1000.0 1 edit
note_add 26 238 0 129 48 0.698206882543 0.5 3.0 0 1 0.005 0.098 0.1 0.0 1000.0 1 edit
note_add 27 238 0 132 44 0.803254657959 0.5 6.0 0 1 0.005 0.098 0.1 0.0 1000.0 1 edit
note_add 28 238 0 138 48 0.672000324737 0.5 6.0 0 1 0.005 0.098 0.1 0.0 1000.0 1 edit
page_add 239 12 0 []
note_add 1 239 0 0 41 0.922155761946 0.5 3.0 0 1 0.005 0.098 0.1 0.0 1000.0 1 edit
note_add 2 239 0 3 44 0.65350045039 0.5 3.0 0 1 0.005 0.098 0.1 0.0 1000.0 1 edit
note_add 3 239 0 6 41 0.657022496954 0.5 3.0 0 1 0.005 0.098 0.1 0.0 1000.0 1 edit
note_add 4 239 0 9 44 0.714751727313 0.5 3.0 0 1 0.005 0.098 0.1 0.0 1000.0 1 edit
note_add 5 239 0 12 41 0.85354349634 0.5 3.0 0 1 0.005 0.098 0.1 0.0 1000.0 1 edit
note_add 6 239 0 15 44 0.662294123372 0.5 3.0 0 1 0.005 0.098 0.1 0.0 1000.0 1 edit
note_add 7 239 0 18 41 0.727452922651 0.5 3.0 0 1 0.005 0.098 0.1 0.0 1000.0 1 edit
note_add 8 239 0 21 44 0.723569523495 0.5 3.0 0 1 0.005 0.098 0.1 0.0 1000.0 1 edit
note_add 9 239 0 24 41 0.833200297055 0.5 3.0 0 1 0.005 0.098 0.1 0.0 1000.0 1 edit
note_add 10 239 0 27 44 0.658504944959 0.5 3.0 0 1 0.005 0.098 0.1 0.0 1000.0 1 edit
note_add 11 239 0 30 41 0.662973869637 0.5 3.0 0 1 0.005 0.098 0.1 0.0 1000.0 1 edit
note_add 12 239 0 33 44 0.721346962099 0.5 3.0 0 1 0.005 0.098 0.1 0.0 1000.0 1 edit
note_add 13 239 0 36 41 0.833218537208 0.5 3.0 0 1 0.005 0.098 0.1 0.0 1000.0 1 edit
note_add 14 239 0 39 44 0.698601325063 0.5 3.0 0 1 0.005 0.098 0.1 0.0 1000.0 1 edit
note_add 15 239 0 42 41 0.689483454263 0.5 3.0 0 1 0.005 0.098 0.1 0.0 1000.0 1 edit
note_add 16 239 0 45 44 0.666183054395 0.5 3.0 0 1 0.005 0.098 0.1 0.0 1000.0 1 edit
note_add 17 239 0 48 41 0.816037781142 0.5 3.0 0 1 0.005 0.098 0.1 0.0 1000.0 1 edit
note_add 18 239 0 51 44 0.725250491697 0.5 3.0 0 1 0.005 0.098 0.1 0.0 1000.0 1 edit
note_add 19 239 0 54 41 0.656159719867 0.5 3.0 0 1 0.005 0.098 0.1 0.0 1000.0 1 edit
note_add 20 239 0 57 44 0.731945713157 0.5 3.0 0 1 0.005 0.098 0.1 0.0 1000.0 1 edit
note_add 21 239 0 60 41 0.821999860726 0.5 3.0 0 1 0.005 0.098 0.1 0.0 1000.0 1 edit
note_add 22 239 0 63 44 0.722186626397 0.5 3.0 0 1 0.005 0.098 0.1 0.0 1000.0 1 edit
note_add 23 239 0 66 41 0.701696400982 0.5 3.0 0 1 0.005 0.098 0.1 0.0 1000.0 1 edit
note_add 24 239 0 69 44 0.709734770938 0.5 3.0 0 1 0.005 0.098 0.1 0.0 1000.0 1 edit
note_add 25 239 0 72 41 0.862084602452 0.5 3.0 0 1 0.005 0.098 0.1 0.0 1000.0 1 edit
note_add 26 239 0 75 44 0.739586673346 0.5 3.0 0 1 0.005 0.098 0.1 0.0 1000.0 1 edit
note_add 27 239 0 78 41 0.684178756537 0.5 3.0 0 1 0.005 0.098 0.1 0.0 1000.0 1 edit
note_add 28 239 0 81 44 0.670494640759 0.5 3.0 0 1 0.005 0.098 0.1 0.0 1000.0 1 edit
note_add 29 239 0 84 41 0.809983681538 0.5 3.0 0 1 0.005 0.098 0.1 0.0 1000.0 1 edit
note_add 30 239 0 87 44 0.678563779847 0.5 3.0 0 1 0.005 0.098 0.1 0.0 1000.0 1 edit
note_add 31 239 0 90 41 0.680514820478 0.5 3.0 0 1 0.005 0.098 0.1 0.0 1000.0 1 edit
note_add 32 239 0 93 44 0.690880754953 0.5 3.0 0 1 0.005 0.098 0.1 0.0 1000.0 1 edit
note_add 33 239 0 96 41 0.874115164798 0.5 3.0 0 1 0.005 0.098 0.1 0.0 1000.0 1 edit
note_add 34 239 0 99 44 0.731705174476 0.5 3.0 0 1 0.005 0.098 0.1 0.0 1000.0 1 edit
note_add 35 239 0 102 41 0.68378231818 0.5 3.0 0 1 0.005 0.098 0.1 0.0 1000.0 1 edit
note_add 36 239 0 105 44 0.701359883096 0.5 3.0 0 1 0.005 0.098 0.1 0.0 1000.0 1 edit
note_add 37 239 0 108 41 0.856592797609 0.5 3.0 0 1 0.005 0.098 0.1 0.0 1000.0 1 edit
note_add 38 239 0 111 44 0.676599792138 0.5 3.0 0 1 0.005 0.098 0.1 0.0 1000.0 1 edit
note_add 39 239 0 114 41 0.703632532775 0.5 3.0 0 1 0.005 0.098 0.1 0.0 1000.0 1 edit
note_add 40 239 0 117 44 0.663629203217 0.5 3.0 0 1 0.005 0.098 0.1 0.0 1000.0 1 edit
note_add 41 239 0 120 41 0.806365437944 0.5 3.0 0 1 0.005 0.098 0.1 0.0 1000.0 1 edit
note_add 42 239 0 123 44 0.722292379583 0.5 3.0 0 1 0.005 0.098 0.1 0.0 1000.0 1 edit
note_add 43 239 0 126 41 0.658115890813 0.5 3.0 0 1 0.005 0.098 0.1 0.0 1000.0 1 edit
note_add 44 239 0 129 44 0.659717223548 0.5 3.0 0 1 0.005 0.098 0.1 0.0 1000.0 1 edit
note_add 45 239 0 132 41 0.828661376132 0.5 3.0 0 1 0.005 0.098 0.1 0.0 1000.0 1 edit
note_add 46 239 0 135 44 0.686035070327 0.5 3.0 0 1 0.005 0.098 0.1 0.0 1000.0 1 edit
note_add 47 239 0 138 41 0.714063553705 0.5 3.0 0 1 0.005 0.098 0.1 0.0 1000.0 1 edit
note_add 48 239 0 141 44 0.678090439045 0.5 3.0 0 1 0.005 0.098 0.1 0.0 1000.0 1 edit
block_add Drum False 137 118 False {'name': 'drum1kit', 'regularity': 0.80000000000000004, 'id': 'drum1kit', 'volume': 0.5, 'beats': 10, 'key': 61, 'reverb': 0.0, 'page': 235}
block_add Instrument False 283 88 False {'volume': 0.5, 'reverb': 0, 'name': 'piano', 'pan': 0.5, 'id': 'piano'}
block_add Loop False 470 88 True {'key': 18, 'beats': 12, 'name': 'loop12_0', 'regularity': 0.80000000000000004, 'id': 239}
block_add Loop False 731 88 True {'key': None, 'beats': 10, 'name': 'loop10_0', 'regularity': 0.80000000000000004, 'id': 234}
block_add Loop False 946 88 True {'key': None, 'beats': 8, 'name': 'loop08_0', 'regularity': 0.80000000000000004, 'id': 230}
block_add Instrument False 283 198 False {'volume': 0.5, 'reverb': 0, 'name': 'piano', 'pan': 0.5, 'id': 'piano'}
block_add Loop False 470 198 True {'key': 19, 'beats': 12, 'name': 'loop12_1', 'regularity': 0.80000000000000004, 'id': 238}
block_add Loop False 731 198 True {'key': None, 'beats': 10, 'name': 'loop10_1', 'regularity': 0.80000000000000004, 'id': 233}
block_add Loop False 946 198 True {'key': None, 'beats': 8, 'name': 'loop08_1', 'regularity': 0.80000000000000004, 'id': 229}
block_add Instrument False 284 311 False {'volume': 0.5, 'reverb': 0, 'name': 'piano', 'pan': 0.5, 'id': 'piano'}
block_add Loop False 471 311 True {'key': 20, 'beats': 12, 'name': 'loop12_2', 'regularity': 0.80000000000000004, 'id': 237}
block_add Loop False 732 311 True {'key': None, 'beats': 10, 'name': 'loop10_2', 'regularity': 0.80000000000000004, 'id': 232}
block_add Loop False 947 311 True {'key': None, 'beats': 8, 'name': 'loop08_3', 'regularity': 0.80000000000000004, 'id': 228}
block_add Instrument True 284 426 False {'volume': 0.5, 'reverb': 0, 'name': 'piano', 'pan': 0.5, 'id': 'piano'}
block_add Loop False 471 426 True {'key': 21, 'beats': 12, 'name': 'loop12_3', 'regularity': 0.80000000000000004, 'id': 236}
block_add Loop False 732 426 True {'key': None, 'beats': 10, 'name': 'loop10_3', 'regularity': 0.80000000000000004, 'id': 231}
block_add Loop False 947 426 True {'key': None, 'beats': 8, 'name': 'loop08_4', 'regularity': 0.80000000000000004, 'id': 227}
sync_beats 12
