page_add 748 12 0 []
note_add 1 748 0 0 41 0.905963287418 0.5 18.0 0 1 0.005 0.098 0.1 0.0 1000.0 1 edit
note_add 2 748 0 18 48 0.653981664043 0.5 12.0 0 1 0.005 0.098 0.1 0.0 1000.0 1 edit
note_add 3 748 0 30 44 0.717492007744 0.5 6.0 0 1 0.005 0.098 0.1 0.0 1000.0 1 edit
note_add 4 748 0 36 48 0.759163240751 0.5 12.0 0 1 0.005 0.098 0.1 0.0 1000.0 1 edit
note_add 5 748 0 48 32 0.847283474108 0.5 18.0 0 1 0.005 0.098 0.1 0.0 1000.0 1 edit
note_add 6 748 0 66 34 0.723148245474 0.5 6.0 0 1 0.005 0.098 0.1 0.0 1000.0 1 edit
note_add 7 748 0 72 41 0.805396504679 0.5 12.0 0 1 0.005 0.098 0.1 0.0 1000.0 1 edit
note_add 8 748 0 84 41 0.824886727128 0.5 6.0 0 1 0.005 0.098 0.1 0.0 1000.0 1 edit
note_add 9 748 0 90 48 0.695498873295 0.5 12.0 0 1 0.005 0.098 0.1 0.0 1000.0 1 edit
note_add 10 748 0 102 44 0.681381863923 0.5 6.0 0 1 0.005 0.098 0.1 0.0 1000.0 1 edit
note_add 11 748 0 108 48 0.82969480232 0.5 12.0 0 1 0.005 0.098 0.1 0.0 1000.0 1 edit
note_add 12 748 0 120 32 0.759419195855 0.5 24.0 0 1 0.005 0.098 0.1 0.0 1000.0 1 edit
page_add 747 10 0 []
note_add 41 747 0 0 38 0.75 0.5 24 0 81 0.005 0.098 0.1 0 1000 0 edit
note_add 42 747 0 24 35 0.75 0.5 24 0 81 0.005 0.098 0.1 0 1000 0 edit
note_add 43 747 0 48 40 0.75 0.5 23 0 81 0.005 0.098 0.1 0 1000 0 edit
note_add 44 747 0 72 31 0.75 0.5 24 0 81 0.005 0.098 0.1 0 1000 0 edit
note_add 45 747 0 96 36 0.75 0.5 24 0 81 0.005 0.098 0.1 0 1000 0 edit
page_add 745 10 0 []
note_add 1 745 0 0 32 0.918429565796 0.5 12.0 0 1 0.005 0.098 0.1 0.0 1000.0 1 edit
note_add 2 745 0 12 32 0.896238657828 0.5 12.0 0 1 0.005 0.098 0.1 0.0 1000.0 1 edit
note_add 3 745 0 24 43 0.859990108109 0.5 12.0 0 1 0.005 0.098 0.1 0.0 1000.0 1 edit
note_add 4 745 0 36 36 0.780084722939 0.5 18.0 0 1 0.005 0.098 0.1 0.0 1000.0 1 edit
note_add 5 745 0 54 38 0.727509225141 0.5 12.0 0 1 0.005 0.098 0.1 0.0 1000.0 1 edit
note_add 6 745 0 66 48 0.677444860539 0.5 12.0 0 1 0.005 0.098 0.1 0.0 1000.0 1 edit
note_add 7 745 0 78 32 0.704849216477 0.5 6.0 0 1 0.005 0.098 0.1 0.0 1000.0 1 edit
note_add 8 745 0 84 32 0.834177866777 0.5 12.0 0 1 0.005 0.098 0.1 0.0 1000.0 1 edit
note_add 9 745 0 96 32 0.776622928055 0.5 12.0 0 1 0.005 0.098 0.1 0.0 1000.0 1 edit
note_add 10 745 0 108 43 0.750845342026 0.5 6.0 0 1 0.005 0.098 0.1 0.0 1000.0 1 edit
note_add 11 745 0 114 36 0.706362269841 0.5 6.0 0 1 0.005 0.098 0.1 0.0 1000.0 1 edit
page_add 744 10 0 []
note_add 1 744 0 0 44 0.95139538384 0.5 18.0 0 1 0.005 0.098 0.1 0.0 1000.0 1 edit
note_add 2 744 0 18 48 0.723914992791 0.5 12.0 0 1 0.005 0.098 0.1 0.0 1000.0 1 edit
note_add 3 744 0 30 32 0.72952006514 0.5 18.0 0 1 0.005 0.098 0.1 0.0 1000.0 1 edit
note_add 4 744 0 48 46 0.789405290609 0.5 12.0 0 1 0.005 0.098 0.1 0.0 1000.0 1 edit
note_add 5 744 0 60 32 0.8646752285 0.5 6.0 0 1 0.005 0.098 0.1 0.0 1000.0 1 edit
note_add 6 744 0 66 44 0.717710545482 0.5 6.0 0 1 0.005 0.098 0.1 0.0 1000.0 1 edit
note_add 7 744 0 72 48 0.751895182545 0.5 12.0 0 1 0.005 0.098 0.1 0.0 1000.0 1 edit
note_add 8 744 0 84 32 0.807500121395 0.5 18.0 0 1 0.005 0.098 0.1 0.0 1000.0 1 edit
note_add 9 744 0 102 46 0.721952453815 0.5 12.0 0 1 0.005 0.098 0.1 0.0 1000.0 1 edit
note_add 10 744 0 114 32 0.670629591428 0.5 6.0 0 1 0.005 0.098 0.1 0.0 1000.0 1 edit
page_add 743 7 0 []
note_add 1 743 0 0 29 0.75 0.5 24.0 0 88 0.005 0.098 0.1 0.0 1000.0 1 edit
note_add 2 743 0 24 44 0.75 0.5 7.0 0 88 0.005 0.098 0.1 0.0 1000.0 1 edit
note_add 3 743 0 36 44 0.75 0.5 6.0 0 88 0.005 0.098 0.1 0.0 1000.0 1 edit
note_add 4 743 0 48 32 0.75 0.5 24.0 0 88 0.005 0.098 0.1 0.0 1000.0 1 edit
block_add Instrument False 171 65 False {'volume': 0.5, 'reverb': 0, 'name': 'duck', 'pan': 0.5, 'id': 'duck'}
block_add Loop False 301 65 True {'beats': 7, 'regularity': 0.80000000000000004, 'id': 743, 'key': 18, 'name': 'loop1'}
block_add Instrument False 172 180 False {'volume': 0.5, 'reverb': 0, 'name': 'cat', 'pan': 0.5, 'id': 'cat'}
block_add Loop False 336 180 True {'key': 19, 'beats': 10, 'name': 'loop10_2', 'regularity': 0.80000000000000004, 'id': 744}
block_add Instrument False 174 296 False {'volume': 0.5, 'reverb': 0, 'name': 'sheep', 'pan': 0.5, 'id': 'sheep'}
block_add Loop False 338 296 True {'key': 20, 'beats': 10, 'name': 'loop10_3', 'regularity': 0.80000000000000004, 'id': 745}
block_add Instrument True 177 525 False {'volume': 0.5, 'reverb': 0, 'name': 'horse', 'pan': 0.5, 'id': 'horse'}
block_add Loop False 341 525 True {'key': 35, 'beats': 10, 'name': 'loop10_0', 'regularity': 0.80000000000000004, 'id': 747}
block_add Instrument False 176 411 False {'volume': 0.5, 'reverb': 0, 'name': 'dog', 'pan': 0.5, 'id': 'dog'}
block_add Loop False 363 411 True {'key': 21, 'beats': 12, 'name': 'loop12_3', 'regularity': 0.80000000000000004, 'id': 748}
sync_beats 8
