page_add 1055 12 0 [1, 1, 1, 1, 1]
page_add 1054 12 0 [1, 1, 1, 1, 1]
page_add 1053 12 0 [1, 1, 1, 1, 1]
page_add 1052 12 0 [1, 1, 1, 1, 1]
page_add 1051 12 0 [1, 1, 1, 1, 1]
page_add 1050 12 0 [1, 1, 1, 1, 1]
page_add 1049 12 0 [1, 1, 1, 1, 1]
note_add 49 1049 0 0 38 0.993375939274 0.5 1 0 135 0.002 0.1 0.1 0 1000 0 edit
note_add 50 1049 0 3 29 0.749952124927 0.5 1 0 135 0.002 0.1 0.1 0 1000 0 edit
note_add 51 1049 0 6 34 0.677014781996 0.5 1 0 135 0.002 0.1 0.1 0 1000 0 edit
note_add 52 1049 0 9 29 0.719562261086 0.5 1 0 135 0.002 0.1 0.1 0 1000 0 edit
note_add 53 1049 0 12 38 0.877906794188 0.5 1 0 135 0.002 0.1 0.1 0 1000 0 edit
note_add 54 1049 0 18 34 0.682153316594 0.5 1 0 135 0.002 0.1 0.1 0 1000 0 edit
note_add 55 1049 0 24 29 0.846600337911 0.5 1 0 135 0.002 0.1 0.1 0 1000 0 edit
note_add 56 1049 0 30 38 0.743359648416 0.5 1 0 135 0.002 0.1 0.1 0 1000 0 edit
note_add 57 1049 0 36 34 0.755681709359 0.5 1 0 135 0.002 0.1 0.1 0 1000 0 edit
note_add 58 1049 0 42 38 0.727927529544 0.5 1 0 135 0.002 0.1 0.1 0 1000 0 edit
note_add 59 1049 0 48 29 0.823410649165 0.5 1 0 135 0.002 0.1 0.1 0 1000 0 edit
note_add 60 1049 0 54 34 0.721964065927 0.5 1 0 135 0.002 0.1 0.1 0 1000 0 edit
note_add 61 1049 0 57 29 0.737360621225 0.5 1 0 135 0.002 0.1 0.1 0 1000 0 edit
note_add 62 1049 0 60 38 0.79220652261 0.5 1 0 135 0.002 0.1 0.1 0 1000 0 edit
note_add 63 1049 0 63 29 0.703002813834 0.5 1 0 135 0.002 0.1 0.1 0 1000 0 edit
note_add 64 1049 0 66 34 0.735977983841 0.5 1 0 135 0.002 0.1 0.1 0 1000 0 edit
note_add 65 1049 0 72 29 0.850358285233 0.5 1 0 135 0.002 0.1 0.1 0 1000 0 edit
note_add 66 1049 0 78 38 0.681502853966 0.5 1 0 135 0.002 0.1 0.1 0 1000 0 edit
note_add 67 1049 0 84 29 0.834097724403 0.5 1 0 135 0.002 0.1 0.1 0 1000 0 edit
note_add 68 1049 0 96 38 0.782137687165 0.5 1 0 135 0.002 0.1 0.1 0 1000 0 edit
note_add 69 1049 0 102 29 0.72226621012 0.5 1 0 135 0.002 0.1 0.1 0 1000 0 edit
note_add 70 1049 0 105 34 0.722711127079 0.5 1 0 135 0.002 0.1 0.1 0 1000 0 edit
note_add 71 1049 0 108 29 0.8022116384 0.5 1 0 135 0.002 0.1 0.1 0 1000 0 edit
note_add 72 1049 0 114 38 0.684615477499 0.5 1 0 135 0.002 0.1 0.1 0 1000 0 edit
note_add 73 1049 0 117 29 0.669331655465 0.5 1 0 135 0.002 0.1 0.1 0 1000 0 edit
note_add 74 1049 0 120 34 0.891971485177 0.5 1 0 135 0.002 0.1 0.1 0 1000 0 edit
note_add 75 1049 0 126 29 0.657313058229 0.5 1 0 135 0.002 0.1 0.1 0 1000 0 edit
note_add 76 1049 0 132 29 0.797614212814 0.5 1 0 135 0.002 0.1 0.1 0 1000 0 edit
note_add 77 1049 0 138 34 0.664789075679 0.5 1 0 135 0.002 0.1 0.1 0 1000 0 edit
page_add 1048 12 0 [1, 1, 1, 1, 1]
note_add 80 1048 0 0 48 0.939198758781 0.5 1 0 138 0.002 0.1 0.1 0 1000 0 edit
note_add 81 1048 0 6 44 0.673976988378 0.5 1 0 138 0.002 0.1 0.1 0 1000 0 edit
note_add 82 1048 0 12 38 0.888981247195 0.5 1 0 138 0.002 0.1 0.1 0 1000 0 edit
note_add 83 1048 0 18 44 0.694390481675 0.5 1 0 138 0.002 0.1 0.1 0 1000 0 edit
note_add 84 1048 0 24 36 0.861556665353 0.5 1 0 138 0.002 0.1 0.1 0 1000 0 edit
note_add 85 1048 0 30 27 0.690387893522 0.5 1 0 138 0.002 0.1 0.1 0 1000 0 edit
note_add 86 1048 0 36 38 0.797574046007 0.5 1 0 138 0.002 0.1 0.1 0 1000 0 edit
note_add 87 1048 0 42 44 0.67857460386 0.5 1 0 138 0.002 0.1 0.1 0 1000 0 edit
note_add 88 1048 0 48 36 0.794572610205 0.5 1 0 138 0.002 0.1 0.1 0 1000 0 edit
note_add 89 1048 0 54 27 0.66875483102 0.5 1 0 138 0.002 0.1 0.1 0 1000 0 edit
note_add 90 1048 0 60 38 0.801935673365 0.5 1 0 138 0.002 0.1 0.1 0 1000 0 edit
note_add 91 1048 0 66 48 0.740349018696 0.5 1 0 138 0.002 0.1 0.1 0 1000 0 edit
note_add 92 1048 0 72 44 0.77892055155 0.5 1 0 138 0.002 0.1 0.1 0 1000 0 edit
note_add 93 1048 0 78 38 0.73227997725 0.5 1 0 138 0.002 0.1 0.1 0 1000 0 edit
note_add 94 1048 0 84 44 0.820260926049 0.5 1 0 138 0.002 0.1 0.1 0 1000 0 edit
note_add 95 1048 0 96 27 0.793158769408 0.5 1 0 138 0.002 0.1 0.1 0 1000 0 edit
note_add 96 1048 0 102 38 0.656686162304 0.5 1 0 138 0.002 0.1 0.1 0 1000 0 edit
note_add 97 1048 0 108 44 0.878107989318 0.5 1 0 138 0.002 0.1 0.1 0 1000 0 edit
note_add 98 1048 0 120 27 0.791265507137 0.5 1 0 138 0.002 0.1 0.1 0 1000 0 edit
note_add 99 1048 0 126 38 0.70522982386 0.5 1 0 138 0.002 0.1 0.1 0 1000 0 edit
note_add 100 1048 0 132 48 0.85190610158 0.5 1 0 138 0.002 0.1 0.1 0 1000 0 edit
note_add 101 1048 0 138 44 0.665772765343 0.5 1 0 138 0.002 0.1 0.1 0 1000 0 edit
page_add 1047 12 0 [1, 1, 1, 1, 1]
note_add 63 1047 0 0 31 0.946913669348 0.5 1 0 136 0.002 0.1 0.1 0 1000 0 edit
note_add 64 1047 0 6 26 0.71583586404 0.5 1 0 136 0.002 0.1 0.1 0 1000 0 edit
note_add 65 1047 0 12 24 0.897697434998 0.5 1 0 136 0.002 0.1 0.1 0 1000 0 edit
note_add 66 1047 0 18 31 0.70406812797 0.5 1 0 136 0.002 0.1 0.1 0 1000 0 edit
note_add 67 1047 0 24 36 0.893493149129 0.5 1 0 136 0.002 0.1 0.1 0 1000 0 edit
note_add 68 1047 0 30 46 0.674704009758 0.5 1 0 136 0.002 0.1 0.1 0 1000 0 edit
note_add 69 1047 0 36 48 0.817764276467 0.5 1 0 136 0.002 0.1 0.1 0 1000 0 edit
note_add 70 1047 0 42 39 0.738883619063 0.5 1 0 136 0.002 0.1 0.1 0 1000 0 edit
note_add 71 1047 0 48 31 0.874041058685 0.5 1 0 136 0.002 0.1 0.1 0 1000 0 edit
note_add 72 1047 0 54 36 0.717260581274 0.5 1 0 136 0.002 0.1 0.1 0 1000 0 edit
note_add 73 1047 0 60 46 0.842654677988 0.5 1 0 136 0.002 0.1 0.1 0 1000 0 edit
note_add 74 1047 0 66 31 0.695539917986 0.5 1 0 136 0.002 0.1 0.1 0 1000 0 edit
note_add 75 1047 0 72 26 0.774895530686 0.5 1 0 136 0.002 0.1 0.1 0 1000 0 edit
note_add 76 1047 0 78 24 0.734936432567 0.5 1 0 136 0.002 0.1 0.1 0 1000 0 edit
note_add 77 1047 0 84 31 0.809438204648 0.5 1 0 136 0.002 0.1 0.1 0 1000 0 edit
note_add 78 1047 0 90 36 0.731793848853 0.5 1 0 136 0.002 0.1 0.1 0 1000 0 edit
note_add 79 1047 0 96 46 0.831460136253 0.5 1 0 136 0.002 0.1 0.1 0 1000 0 edit
note_add 80 1047 0 102 48 0.690480605994 0.5 1 0 136 0.002 0.1 0.1 0 1000 0 edit
note_add 81 1047 0 108 39 0.893809682958 0.5 1 0 136 0.002 0.1 0.1 0 1000 0 edit
note_add 82 1047 0 114 31 0.678721551193 0.5 1 0 136 0.002 0.1 0.1 0 1000 0 edit
note_add 83 1047 0 120 36 0.805353599876 0.5 1 0 136 0.002 0.1 0.1 0 1000 0 edit
note_add 84 1047 0 126 46 0.704376384358 0.5 1 0 136 0.002 0.1 0.1 0 1000 0 edit
note_add 85 1047 0 132 31 0.775010611331 0.5 1 0 136 0.002 0.1 0.1 0 1000 0 edit
note_add 86 1047 0 138 26 0.667922014926 0.5 1 0 136 0.002 0.1 0.1 0 1000 0 edit
page_add 1040 12 0 [82, 82, 82, 82, 133]
note_add 31 1040 0 0 24 0.959375247475 0.5 1 5 134 0.005 0.095 0.0 0 1000 0 mini
note_add 40 1040 0 0 30 0.939599731054 0.5 1 5 134 0.005 0.095 0.0 0 1000 0 mini
note_add 44 1040 0 6 40 0.721966375794 0.5 1 5 134 0.005 0.095 0.0 0 1000 0 mini
note_add 45 1040 0 12 40 0.895423607134 0.5 1 5 134 0.005 0.095 0.0 0 1000 0 mini
note_add 58 1040 0 12 46 0.785191721441 0.5 1 5 134 0.005 0.095 0.0 0 1000 0 mini
note_add 59 1040 0 18 46 0.741003765326 0.5 1 5 134 0.005 0.095 0.0 0 1000 0 mini
note_add 60 1040 0 21 46 0.668210001957 0.5 1 5 134 0.005 0.095 0.0 0 1000 0 mini
note_add 32 1040 0 24 24 0.87244352719 0.5 1 5 134 0.005 0.095 0.0 0 1000 0 mini
note_add 41 1040 0 24 30 0.859165411747 0.5 1 5 134 0.005 0.095 0.0 0 1000 0 mini
note_add 46 1040 0 27 40 0.716721848338 0.5 1 5 134 0.005 0.095 0.0 0 1000 0 mini
note_add 61 1040 0 30 46 0.672128464522 0.5 1 5 134 0.005 0.095 0.0 0 1000 0 mini
note_add 62 1040 0 42 46 0.670360888895 0.5 1 5 134 0.005 0.095 0.0 0 1000 0 mini
note_add 33 1040 0 48 24 0.77152989084 0.5 1 5 134 0.005 0.095 0.0 0 1000 0 mini
note_add 47 1040 0 48 40 0.75816328355 0.5 1 5 134 0.005 0.095 0.0 0 1000 0 mini
note_add 48 1040 0 54 40 0.684755913433 0.5 1 5 134 0.005 0.095 0.0 0 1000 0 mini
note_add 63 1040 0 54 46 0.684962570033 0.5 1 5 134 0.005 0.095 0.0 0 1000 0 mini
note_add 34 1040 0 60 24 0.851876100337 0.5 1 5 134 0.005 0.095 0.0 0 1000 0 mini
note_add 42 1040 0 60 30 0.861868513836 0.5 1 5 134 0.005 0.095 0.0 0 1000 0 mini
note_add 49 1040 0 60 40 0.850584597699 0.5 1 5 134 0.005 0.095 0.0 0 1000 0 mini
note_add 50 1040 0 63 40 0.739437736194 0.5 1 5 134 0.005 0.095 0.0 0 1000 0 mini
note_add 64 1040 0 66 46 0.672058700843 0.5 1 5 134 0.005 0.095 0.0 0 1000 0 mini
note_add 65 1040 0 69 46 0.713342838517 0.5 1 5 134 0.005 0.095 0.0 0 1000 0 mini
note_add 35 1040 0 72 24 0.814866032884 0.5 1 5 134 0.005 0.095 0.0 0 1000 0 mini
note_add 51 1040 0 72 40 0.889667532579 0.5 1 5 134 0.005 0.095 0.0 0 1000 0 mini
note_add 66 1040 0 72 46 0.776239732087 0.5 1 5 134 0.005 0.095 0.0 0 1000 0 mini
note_add 67 1040 0 75 46 0.675880462039 0.5 1 5 134 0.005 0.095 0.0 0 1000 0 mini
note_add 68 1040 0 78 46 0.671868861148 0.5 1 5 134 0.005 0.095 0.0 0 1000 0 mini
note_add 36 1040 0 84 24 0.836260604208 0.5 1 5 134 0.005 0.095 0.0 0 1000 0 mini
note_add 52 1040 0 84 40 0.818940212157 0.5 1 5 134 0.005 0.095 0.0 0 1000 0 mini
note_add 69 1040 0 84 46 0.83111877382 0.5 1 5 134 0.005 0.095 0.0 0 1000 0 mini
note_add 70 1040 0 87 46 0.695679165529 0.5 1 5 134 0.005 0.095 0.0 0 1000 0 mini
note_add 71 1040 0 90 46 0.740443089298 0.5 1 5 134 0.005 0.095 0.0 0 1000 0 mini
note_add 37 1040 0 96 24 0.890307027514 0.5 1 5 134 0.005 0.095 0.0 0 1000 0 mini
note_add 43 1040 0 96 30 0.762510748675 0.5 1 5 134 0.005 0.095 0.0 0 1000 0 mini
note_add 53 1040 0 96 40 0.832157115573 0.5 1 5 134 0.005 0.095 0.0 0 1000 0 mini
note_add 72 1040 0 99 46 0.655803767415 0.5 1 5 134 0.005 0.095 0.0 0 1000 0 mini
note_add 38 1040 0 108 24 0.797762171349 0.5 1 5 134 0.005 0.095 0.0 0 1000 0 mini
note_add 54 1040 0 108 40 0.759483721472 0.5 1 5 134 0.005 0.095 0.0 0 1000 0 mini
note_add 73 1040 0 108 46 0.845441766146 0.5 1 5 134 0.005 0.095 0.0 0 1000 0 mini
note_add 55 1040 0 111 40 0.699702783471 0.5 1 5 134 0.005 0.095 0.0 0 1000 0 mini
note_add 56 1040 0 114 40 0.689496334399 0.5 1 5 134 0.005 0.095 0.0 0 1000 0 mini
note_add 74 1040 0 114 46 0.657048001966 0.5 1 5 134 0.005 0.095 0.0 0 1000 0 mini
note_add 75 1040 0 120 46 0.755503229241 0.5 1 5 134 0.005 0.095 0.0 0 1000 0 mini
note_add 76 1040 0 123 46 0.704042773834 0.5 1 5 134 0.005 0.095 0.0 0 1000 0 mini
note_add 77 1040 0 126 46 0.68229946159 0.5 1 5 134 0.005 0.095 0.0 0 1000 0 mini
note_add 78 1040 0 129 46 0.69000561349 0.5 1 5 134 0.005 0.095 0.0 0 1000 0 mini
note_add 39 1040 0 132 24 0.839130154525 0.5 1 5 134 0.005 0.095 0.0 0 1000 0 mini
note_add 79 1040 0 132 46 0.889880349159 0.5 1 5 134 0.005 0.095 0.0 0 1000 0 mini
note_add 57 1040 0 135 40 0.738733169547 0.5 1 5 134 0.005 0.095 0.0 0 1000 0 mini
note_add 80 1040 0 138 46 0.7118972315 0.5 1 5 134 0.005 0.095 0.0 0 1000 0 mini
note_add 81 1040 0 141 46 0.697218152459 0.5 1 5 134 0.005 0.095 0.0 0 1000 0 mini
page_add 1041 12 0 [82, 82, 82, 82, 133]
note_add 13 1041 0 0 24 0.958677899533 0.5 1 5 137 0.005 0.095 0.0 0 1000 0 mini
note_add 26 1041 0 0 36 0.957395097118 0.5 1 5 137 0.005 0.095 0.0 0 1000 0 mini
note_add 27 1041 0 3 40 0.695584667733 0.5 1 5 137 0.005 0.095 0.0 0 1000 0 mini
note_add 40 1041 0 6 46 0.709913552971 0.5 1 5 137 0.005 0.095 0.0 0 1000 0 mini
note_add 41 1041 0 12 46 0.814283514695 0.5 1 5 137 0.005 0.095 0.0 0 1000 0 mini
note_add 42 1041 0 21 46 0.652318940232 0.5 1 5 137 0.005 0.095 0.0 0 1000 0 mini
note_add 14 1041 0 24 28 0.816499614689 0.5 1 5 137 0.005 0.095 0.0 0 1000 0 mini
note_add 22 1041 0 24 30 0.776365537542 0.5 1 5 137 0.005 0.095 0.0 0 1000 0 mini
note_add 43 1041 0 24 48 0.780621408683 0.5 1 5 137 0.005 0.095 0.0 0 1000 0 mini
note_add 28 1041 0 27 40 0.673000838165 0.5 1 5 137 0.005 0.095 0.0 0 1000 0 mini
note_add 44 1041 0 30 48 0.707762473963 0.5 1 5 137 0.005 0.095 0.0 0 1000 0 mini
note_add 15 1041 0 36 24 0.754311852941 0.5 1 5 137 0.005 0.095 0.0 0 1000 0 mini
note_add 23 1041 0 36 32 0.809911941415 0.5 1 5 137 0.005 0.095 0.0 0 1000 0 mini
note_add 29 1041 0 39 36 0.709172059934 0.5 1 5 137 0.005 0.095 0.0 0 1000 0 mini
note_add 45 1041 0 42 46 0.709178396033 0.5 1 5 137 0.005 0.095 0.0 0 1000 0 mini
note_add 16 1041 0 48 28 0.889751710993 0.5 1 5 137 0.005 0.095 0.0 0 1000 0 mini
note_add 24 1041 0 48 32 0.757113617429 0.5 1 5 137 0.005 0.095 0.0 0 1000 0 mini
note_add 30 1041 0 48 36 0.787710901343 0.5 1 5 137 0.005 0.095 0.0 0 1000 0 mini
note_add 31 1041 0 54 36 0.695031252883 0.5 1 5 137 0.005 0.095 0.0 0 1000 0 mini
note_add 46 1041 0 54 48 0.715639324285 0.5 1 5 137 0.005 0.095 0.0 0 1000 0 mini
note_add 17 1041 0 60 24 0.820991376901 0.5 1 5 137 0.005 0.095 0.0 0 1000 0 mini
note_add 25 1041 0 60 30 0.894170076054 0.5 1 5 137 0.005 0.095 0.0 0 1000 0 mini
note_add 32 1041 0 60 40 0.859592812481 0.5 1 5 137 0.005 0.095 0.0 0 1000 0 mini
note_add 33 1041 0 63 40 0.697973534999 0.5 1 5 137 0.005 0.095 0.0 0 1000 0 mini
note_add 47 1041 0 66 46 0.688872777644 0.5 1 5 137 0.005 0.095 0.0 0 1000 0 mini
note_add 48 1041 0 69 46 0.719208448231 0.5 1 5 137 0.005 0.095 0.0 0 1000 0 mini
note_add 18 1041 0 72 24 0.800595154402 0.5 1 5 137 0.005 0.095 0.0 0 1000 0 mini
note_add 49 1041 0 72 46 0.764643381398 0.5 1 5 137 0.005 0.095 0.0 0 1000 0 mini
note_add 50 1041 0 78 46 0.723191842691 0.5 1 5 137 0.005 0.095 0.0 0 1000 0 mini
note_add 19 1041 0 84 28 0.828286556939 0.5 1 5 137 0.005 0.095 0.0 0 1000 0 mini
note_add 51 1041 0 84 46 0.845387809767 0.5 1 5 137 0.005 0.095 0.0 0 1000 0 mini
note_add 34 1041 0 90 40 0.72379910578 0.5 1 5 137 0.005 0.095 0.0 0 1000 0 mini
note_add 52 1041 0 90 46 0.67920193237 0.5 1 5 137 0.005 0.095 0.0 0 1000 0 mini
note_add 35 1041 0 93 36 0.710673369593 0.5 1 5 137 0.005 0.095 0.0 0 1000 0 mini
note_add 36 1041 0 96 40 0.866911890102 0.5 1 5 137 0.005 0.095 0.0 0 1000 0 mini
note_add 53 1041 0 96 46 0.864716991607 0.5 1 5 137 0.005 0.095 0.0 0 1000 0 mini
note_add 54 1041 0 102 48 0.690788223058 0.5 1 5 137 0.005 0.095 0.0 0 1000 0 mini
note_add 55 1041 0 105 48 0.700883408162 0.5 1 5 137 0.005 0.095 0.0 0 1000 0 mini
note_add 20 1041 0 108 24 0.897018885548 0.5 1 5 137 0.005 0.095 0.0 0 1000 0 mini
note_add 37 1041 0 111 36 0.680767605337 0.5 1 5 137 0.005 0.095 0.0 0 1000 0 mini
note_add 56 1041 0 111 46 0.666051784924 0.5 1 5 137 0.005 0.095 0.0 0 1000 0 mini
note_add 57 1041 0 114 48 0.696318980372 0.5 1 5 137 0.005 0.095 0.0 0 1000 0 mini
note_add 21 1041 0 120 24 0.75241944783 0.5 1 5 137 0.005 0.095 0.0 0 1000 0 mini
note_add 38 1041 0 120 36 0.891979111334 0.5 1 5 137 0.005 0.095 0.0 0 1000 0 mini
note_add 58 1041 0 120 48 0.857371191198 0.5 1 5 137 0.005 0.095 0.0 0 1000 0 mini
note_add 39 1041 0 123 40 0.685060726604 0.5 1 5 137 0.005 0.095 0.0 0 1000 0 mini
note_add 59 1041 0 126 48 0.650714769414 0.5 1 5 137 0.005 0.095 0.0 0 1000 0 mini
note_add 60 1041 0 129 46 0.650064075587 0.5 1 5 137 0.005 0.095 0.0 0 1000 0 mini
note_add 61 1041 0 132 46 0.8984482933 0.5 1 5 137 0.005 0.095 0.0 0 1000 0 mini
note_add 62 1041 0 138 48 0.74548813292 0.5 1 5 137 0.005 0.095 0.0 0 1000 0 mini
note_add 63 1041 0 141 46 0.651793758835 0.5 1 5 137 0.005 0.095 0.0 0 1000 0 mini
block_add Drum False 158 64 False {'name': 'drum5kit', 'regularity': 0.59999999999999998, 'page': 1041, 'volume': 0.5, 'beats': 12, 'seed': 0.61058227696419964, 'key': 61, 'reverb': 0.0, 'id': 137}
block_add Drum False 285 65 False {'name': 'drum2kit', 'regularity': 0.80000000000000004, 'id': 134, 'volume': 0.5, 'beats': 12, 'key': 60, 'reverb': 0.0, 'page': 1040}
block_add Instrument False 110 188 False {'volume': 0.5, 'reverb': 0, 'name': 'drum5kit', 'pan': 0.5, 'id': 138}
block_add Loop False 297 188 True {'key': 18, 'beats': 12, 'name': 'loop12_2', 'regularity': 1.0, 'id': 1048}
block_add Loop False 581 188 True {'key': None, 'beats': 12, 'name': 'loop12_0', 'regularity': 0.80000000000000004, 'id': 1050}
block_add Loop False 865 188 True {'key': None, 'beats': 12, 'name': 'loop12_0', 'regularity': 0.80000000000000004, 'id': 1051}
block_add Instrument True 107 300 False {'volume': 0.5, 'reverb': 0, 'name': 'drum2kit', 'pan': 0.5, 'id': 135}
block_add Loop False 294 300 True {'key': 19, 'beats': 12, 'name': 'loop12_0', 'regularity': 0.80000000000000004, 'id': 1052}
block_add Loop False 578 300 True {'key': None, 'beats': 12, 'name': 'loop12_0', 'regularity': 0.80000000000000004, 'id': 1049}
block_add Loop False 862 300 True {'key': None, 'beats': 12, 'name': 'loop12_0', 'regularity': 0.80000000000000004, 'id': 1053}
block_add Instrument False 108 420 False {'volume': 0.5, 'reverb': 0, 'name': 'drum3kit', 'pan': 0.5, 'id': 136}
block_add Loop False 295 420 True {'key': 20, 'beats': 12, 'name': 'loop12_0', 'regularity': 0.80000000000000004, 'id': 1054}
block_add Loop False 579 420 True {'key': None, 'beats': 12, 'name': 'loop12_0', 'regularity': 0.80000000000000004, 'id': 1055}
block_add Loop False 863 420 True {'key': None, 'beats': 12, 'name': 'loop12_1', 'regularity': 1.0, 'id': 1047}
sync_beats 12
