page_add 222 4 0 []
note_add 13 222 0 0 24 0.911792849035 0.5 1 0 137 0.005 0.095 0.5 0 1000 0 mini
note_add 17 222 0 3 36 0.737707640843 0.5 1 0 137 0.005 0.095 0.5 0 1000 0 mini
note_add 21 222 0 9 46 0.694945817889 0.5 1 0 137 0.005 0.095 0.5 0 1000 0 mini
note_add 18 222 0 12 36 0.780872029687 0.5 1 0 137 0.005 0.095 0.5 0 1000 0 mini
note_add 19 222 0 15 40 0.721078890872 0.5 1 0 137 0.005 0.095 0.5 0 1000 0 mini
note_add 22 222 0 15 48 0.718831106565 0.5 1 0 137 0.005 0.095 0.5 0 1000 0 mini
note_add 23 222 0 21 46 0.714395200029 0.5 1 0 137 0.005 0.095 0.5 0 1000 0 mini
note_add 14 222 0 24 28 0.822090269712 0.5 1 0 137 0.005 0.095 0.5 0 1000 0 mini
note_add 24 222 0 24 46 0.788833746216 0.5 1 0 137 0.005 0.095 0.5 0 1000 0 mini
note_add 20 222 0 27 40 0.724930261828 0.5 1 0 137 0.005 0.095 0.5 0 1000 0 mini
note_add 25 222 0 27 48 0.731051780196 0.5 1 0 137 0.005 0.095 0.5 0 1000 0 mini
note_add 26 222 0 33 48 0.693083211716 0.5 1 0 137 0.005 0.095 0.5 0 1000 0 mini
note_add 15 222 0 36 28 0.765961953234 0.5 1 0 137 0.005 0.095 0.5 0 1000 0 mini
note_add 16 222 0 36 30 0.88865586499 0.5 1 0 137 0.005 0.095 0.5 0 1000 0 mini
note_add 27 222 0 39 46 0.712091664933 0.5 1 0 137 0.005 0.095 0.5 0 1000 0 mini
note_add 28 222 0 42 48 0.725354235075 0.5 1 0 137 0.005 0.095 0.5 0 1000 0 mini
page_add 231 12 0 []
note_add 61 231 0 0 36 0.75 0.5 18 0 132 0.005 0.098 0.1 0 1000 0 edit
note_add 62 231 0 21 40 0.75 0.5 27 0 132 0.005 0.098 0.1 0 1000 0 edit
note_add 63 231 0 51 38 0.75 0.5 39 0 132 0.005 0.098 0.1 0 1000 0 edit
note_add 64 231 0 93 33 0.75 0.5 27 0 132 0.005 0.098 0.1 0 1000 0 edit
note_add 65 231 0 120 47 0.75 0.5 24 0 132 0.005 0.098 0.1 0 1000 0 edit
page_add 230 12 0 []
note_add 13 230 0 0 36 0.75 0.5 144 0 127 0.005 0.098 0.1 0 1000 0 edit
page_add 229 12 0 []
note_add 13 229 0 0 37 0.75 0.5 144 0 68 0.005 0.098 0.1 0 1000 0 edit
page_add 228 12 0 []
note_add 1 228 0 0 41 0.905963287418 0.5 18.0 0 1 0.005 0.098 0.1 0.0 1000.0 1 edit
note_add 2 228 0 18 48 0.653981664043 0.5 12.0 0 1 0.005 0.098 0.1 0.0 1000.0 1 edit
note_add 3 228 0 30 44 0.717492007744 0.5 6.0 0 1 0.005 0.098 0.1 0.0 1000.0 1 edit
note_add 4 228 0 36 48 0.759163240751 0.5 12.0 0 1 0.005 0.098 0.1 0.0 1000.0 1 edit
note_add 5 228 0 48 32 0.847283474108 0.5 18.0 0 1 0.005 0.098 0.1 0.0 1000.0 1 edit
note_add 6 228 0 66 34 0.723148245474 0.5 6.0 0 1 0.005 0.098 0.1 0.0 1000.0 1 edit
note_add 7 228 0 72 41 0.805396504679 0.5 12.0 0 1 0.005 0.098 0.1 0.0 1000.0 1 edit
note_add 8 228 0 84 41 0.824886727128 0.5 6.0 0 1 0.005 0.098 0.1 0.0 1000.0 1 edit
note_add 9 228 0 90 48 0.695498873295 0.5 12.0 0 1 0.005 0.098 0.1 0.0 1000.0 1 edit
note_add 10 228 0 102 44 0.681381863923 0.5 6.0 0 1 0.005 0.098 0.1 0.0 1000.0 1 edit
note_add 11 228 0 108 48 0.82969480232 0.5 12.0 0 1 0.005 0.098 0.1 0.0 1000.0 1 edit
note_add 12 228 0 120 32 0.759419195855 0.5 24.0 0 1 0.005 0.098 0.1 0.0 1000.0 1 edit
block_add Drum False 123 125 False {'name': 'drum5kit', 'regularity': 0.59999999999999998, 'page': 222, 'volume': 0.5, 'beats': 4, 'seed': 0.61058227696419964, 'key': 61, 'reverb': 0.5, 'id': 'drum5kit'}
block_add Instrument False 348 374 False {'volume': 0.5, 'reverb': 0, 'name': 'byke', 'pan': 0.5, 'id': 'byke'}
block_add Loop False 535 374 True {'key': 20, 'beats': 12, 'name': 'loop12_3', 'regularity': 0.80000000000000004, 'id': 228}
block_add Instrument False 355 506 False {'volume': 0.5, 'reverb': 0, 'name': 'bubbles', 'pan': 0.5, 'id': 'bubbles'}
block_add Loop False 542 506 True {'key': 21, 'beats': 12, 'name': 'loop12_3', 'regularity': 0.80000000000000004, 'id': 229}
block_add Instrument True 347 223 False {'volume': 0.5, 'reverb': 0, 'name': 'car', 'pan': 0.5, 'id': 'car'}
block_add Loop False 534 223 True {'key': 19, 'beats': 12, 'name': 'loop12_3', 'regularity': 0.80000000000000004, 'id': 230}
block_add Instrument False 346 71 False {'volume': 0.5, 'reverb': 0, 'name': 'plane', 'pan': 0.5, 'id': 'plane'}
block_add Loop False 533 71 True {'key': 18, 'beats': 12, 'name': 'loop12_3', 'regularity': 0.80000000000000004, 'id': 231}
sync_beats 4
