page_add 56 11 0 [82, 82, 82, 82, 133]
note_add 1 56 0 0 34 0.942260596881 0.5 1.0 5 134 0.005 0.095 0.0 0.0 1000.0 1 mini
note_add 2 56 0 3 38 0.72175977127 0.5 1.0 5 134 0.005 0.095 0.0 0.0 1000.0 1 mini
note_add 3 56 0 3 42 0.694338417824 0.5 1.0 5 134 0.005 0.095 0.0 0.0 1000.0 1 mini
note_add 4 56 0 6 26 0.725991648348 0.5 1.0 5 134 0.005 0.095 0.0 0.0 1000.0 1 mini
note_add 5 56 0 9 46 0.673789246514 0.5 1.0 5 134 0.005 0.095 0.0 0.0 1000.0 1 mini
note_add 6 56 0 21 40 0.711089872007 0.5 1.0 5 134 0.005 0.095 0.0 0.0 1000.0 1 mini
note_add 7 56 0 21 44 0.724189552495 0.5 1.0 5 134 0.005 0.095 0.0 0.0 1000.0 1 mini
note_add 8 56 0 24 34 0.78660445793 0.5 1.0 5 134 0.005 0.095 0.0 0.0 1000.0 1 mini
note_add 9 56 0 33 38 0.689247104327 0.5 1.0 5 134 0.005 0.095 0.0 0.0 1000.0 1 mini
note_add 10 56 0 36 44 0.892482541278 0.5 1.0 5 134 0.005 0.095 0.0 0.0 1000.0 1 mini
note_add 11 56 0 39 46 0.743841693835 0.5 1.0 5 134 0.005 0.095 0.0 0.0 1000.0 1 mini
note_add 12 56 0 45 42 0.675915254637 0.5 1.0 5 134 0.005 0.095 0.0 0.0 1000.0 1 mini
note_add 13 56 0 48 28 0.867874500271 0.5 1.0 5 134 0.005 0.095 0.0 0.0 1000.0 1 mini
note_add 14 56 0 48 32 0.843933612421 0.5 1.0 5 134 0.005 0.095 0.0 0.0 1000.0 1 mini
note_add 15 56 0 48 36 0.882490480554 0.5 1.0 5 134 0.005 0.095 0.0 0.0 1000.0 1 mini
note_add 16 56 0 51 46 0.7260388951 0.5 1.0 5 134 0.005 0.095 0.0 0.0 1000.0 1 mini
note_add 17 56 0 54 26 0.723548457528 0.5 1.0 5 134 0.005 0.095 0.0 0.0 1000.0 1 mini
note_add 18 56 0 54 40 0.688941454565 0.5 1.0 5 134 0.005 0.095 0.0 0.0 1000.0 1 mini
note_add 19 56 0 57 38 0.692369221065 0.5 1.0 5 134 0.005 0.095 0.0 0.0 1000.0 1 mini
note_add 20 56 0 60 30 0.851574151203 0.5 1.0 5 134 0.005 0.095 0.0 0.0 1000.0 1 mini
note_add 21 56 0 63 42 0.725848400909 0.5 1.0 5 134 0.005 0.095 0.0 0.0 1000.0 1 mini
note_add 22 56 0 72 24 0.844375616982 0.5 1.0 5 134 0.005 0.095 0.0 0.0 1000.0 1 mini
note_add 23 56 0 75 36 0.721617793685 0.5 1.0 5 134 0.005 0.095 0.0 0.0 1000.0 1 mini
note_add 24 56 0 75 44 0.733357608142 0.5 1.0 5 134 0.005 0.095 0.0 0.0 1000.0 1 mini
note_add 25 56 0 84 24 0.816385837458 0.5 1.0 5 134 0.005 0.095 0.0 0.0 1000.0 1 mini
note_add 26 56 0 84 42 0.797679015697 0.5 1.0 5 134 0.005 0.095 0.0 0.0 1000.0 1 mini
note_add 27 56 0 87 40 0.736436950535 0.5 1.0 5 134 0.005 0.095 0.0 0.0 1000.0 1 mini
note_add 28 56 0 93 40 0.678395248218 0.5 1.0 5 134 0.005 0.095 0.0 0.0 1000.0 1 mini
note_add 29 56 0 93 46 0.711345361166 0.5 1.0 5 134 0.005 0.095 0.0 0.0 1000.0 1 mini
note_add 30 56 0 96 24 0.852190617798 0.5 1.0 5 134 0.005 0.095 0.0 0.0 1000.0 1 mini
note_add 31 56 0 99 38 0.730783663308 0.5 1.0 5 134 0.005 0.095 0.0 0.0 1000.0 1 mini
note_add 32 56 0 114 26 0.746689002705 0.5 1.0 5 134 0.005 0.095 0.0 0.0 1000.0 1 mini
note_add 33 56 0 117 36 0.696057408747 0.5 1.0 5 134 0.005 0.095 0.0 0.0 1000.0 1 mini
note_add 34 56 0 117 44 0.704912091309 0.5 1.0 5 134 0.005 0.095 0.0 0.0 1000.0 1 mini
note_add 35 56 0 120 26 0.89517776125 0.5 1.0 5 134 0.005 0.095 0.0 0.0 1000.0 1 mini
note_add 36 56 0 120 38 0.775461496957 0.5 1.0 5 134 0.005 0.095 0.0 0.0 1000.0 1 mini
note_add 37 56 0 123 36 0.671213642754 0.5 1.0 5 134 0.005 0.095 0.0 0.0 1000.0 1 mini
note_add 38 56 0 123 48 0.657357627725 0.5 1.0 5 134 0.005 0.095 0.0 0.0 1000.0 1 mini
page_add 57 3 0 [82, 82, 82, 82, 133]
note_add 1 57 0 0 24 0.939922537979 0.5 1.0 5 137 0.005 0.095 0.0 0.0 1000.0 1 mini
note_add 2 57 0 0 32 0.919417513279 0.5 1.0 5 137 0.005 0.095 0.0 0.0 1000.0 1 mini
note_add 3 57 0 0 46 0.94323408296 0.5 1.0 5 137 0.005 0.095 0.0 0.0 1000.0 1 mini
note_add 4 57 0 3 40 0.698900010891 0.5 1.0 5 137 0.005 0.095 0.0 0.0 1000.0 1 mini
note_add 5 57 0 6 46 0.698856456031 0.5 1.0 5 137 0.005 0.095 0.0 0.0 1000.0 1 mini
note_add 6 57 0 9 46 0.73534413844 0.5 1.0 5 137 0.005 0.095 0.0 0.0 1000.0 1 mini
note_add 7 57 0 12 28 0.777449966123 0.5 1.0 5 137 0.005 0.095 0.0 0.0 1000.0 1 mini
note_add 8 57 0 15 36 0.745537315527 0.5 1.0 5 137 0.005 0.095 0.0 0.0 1000.0 1 mini
note_add 9 57 0 18 40 0.731967099614 0.5 1.0 5 137 0.005 0.095 0.0 0.0 1000.0 1 mini
note_add 10 57 0 18 46 0.659748039959 0.5 1.0 5 137 0.005 0.095 0.0 0.0 1000.0 1 mini
note_add 11 57 0 24 48 0.887567039913 0.5 1.0 5 137 0.005 0.095 0.0 0.0 1000.0 1 mini
note_add 12 57 0 27 48 0.67596583908 0.5 1.0 5 137 0.005 0.095 0.0 0.0 1000.0 1 mini
page_add 60 9 0 [82, 82, 82, 82, 133]
note_add 1 60 0 0 28 0.940708810641 0.5 1.0 5 134 0.005 0.095 0.0 0.0 1000.0 1 mini
note_add 2 60 0 0 30 0.917125893398 0.5 1.0 5 134 0.005 0.095 0.0 0.0 1000.0 1 mini
note_add 3 60 0 3 38 0.659757355829 0.5 1.0 5 134 0.005 0.095 0.0 0.0 1000.0 1 mini
note_add 4 60 0 3 46 0.691197364433 0.5 1.0 5 134 0.005 0.095 0.0 0.0 1000.0 1 mini
note_add 5 60 0 15 36 0.728363093232 0.5 1.0 5 134 0.005 0.095 0.0 0.0 1000.0 1 mini
note_add 6 60 0 15 48 0.651730437628 0.5 1.0 5 134 0.005 0.095 0.0 0.0 1000.0 1 mini
note_add 7 60 0 21 36 0.748099491714 0.5 1.0 5 134 0.005 0.095 0.0 0.0 1000.0 1 mini
note_add 8 60 0 21 42 0.691142328317 0.5 1.0 5 134 0.005 0.095 0.0 0.0 1000.0 1 mini
note_add 9 60 0 24 26 0.799430971651 0.5 1.0 5 134 0.005 0.095 0.0 0.0 1000.0 1 mini
note_add 10 60 0 24 36 0.789827858454 0.5 1.0 5 134 0.005 0.095 0.0 0.0 1000.0 1 mini
note_add 11 60 0 27 40 0.717847096017 0.5 1.0 5 134 0.005 0.095 0.0 0.0 1000.0 1 mini
note_add 12 60 0 27 46 0.68775950814 0.5 1.0 5 134 0.005 0.095 0.0 0.0 1000.0 1 mini
note_add 13 60 0 36 28 0.847659428446 0.5 1.0 5 134 0.005 0.095 0.0 0.0 1000.0 1 mini
note_add 14 60 0 39 38 0.724596484561 0.5 1.0 5 134 0.005 0.095 0.0 0.0 1000.0 1 mini
note_add 15 60 0 42 38 0.672521332617 0.5 1.0 5 134 0.005 0.095 0.0 0.0 1000.0 1 mini
note_add 16 60 0 45 42 0.707153905275 0.5 1.0 5 134 0.005 0.095 0.0 0.0 1000.0 1 mini
note_add 17 60 0 48 26 0.768231729212 0.5 1.0 5 134 0.005 0.095 0.0 0.0 1000.0 1 mini
note_add 18 60 0 48 30 0.797498430547 0.5 1.0 5 134 0.005 0.095 0.0 0.0 1000.0 1 mini
note_add 19 60 0 51 40 0.662933204402 0.5 1.0 5 134 0.005 0.095 0.0 0.0 1000.0 1 mini
note_add 20 60 0 51 46 0.652875237261 0.5 1.0 5 134 0.005 0.095 0.0 0.0 1000.0 1 mini
note_add 21 60 0 60 28 0.870729034797 0.5 1.0 5 134 0.005 0.095 0.0 0.0 1000.0 1 mini
note_add 22 60 0 63 38 0.699990604686 0.5 1.0 5 134 0.005 0.095 0.0 0.0 1000.0 1 mini
note_add 23 60 0 63 46 0.744299692171 0.5 1.0 5 134 0.005 0.095 0.0 0.0 1000.0 1 mini
note_add 24 60 0 69 42 0.674719518782 0.5 1.0 5 134 0.005 0.095 0.0 0.0 1000.0 1 mini
note_add 25 60 0 72 28 0.793569160964 0.5 1.0 5 134 0.005 0.095 0.0 0.0 1000.0 1 mini
note_add 26 60 0 75 36 0.743411205808 0.5 1.0 5 134 0.005 0.095 0.0 0.0 1000.0 1 mini
note_add 27 60 0 84 30 0.76896495703 0.5 1.0 5 134 0.005 0.095 0.0 0.0 1000.0 1 mini
note_add 28 60 0 87 46 0.739799809332 0.5 1.0 5 134 0.005 0.095 0.0 0.0 1000.0 1 mini
note_add 29 60 0 96 28 0.854769659604 0.5 1.0 5 134 0.005 0.095 0.0 0.0 1000.0 1 mini
note_add 30 60 0 96 48 0.88403154664 0.5 1.0 5 134 0.005 0.095 0.0 0.0 1000.0 1 mini
page_add 63 3 0 [82, 82, 82, 82, 133]
note_add 1 63 0 0 30 0.900689216372 0.5 1.0 5 137 0.005 0.095 0.0 0.0 1000.0 1 mini
note_add 2 63 0 0 38 0.92403208165 0.5 1.0 5 137 0.005 0.095 0.0 0.0 1000.0 1 mini
note_add 3 63 0 6 24 0.710809973008 0.5 1.0 5 137 0.005 0.095 0.0 0.0 1000.0 1 mini
note_add 4 63 0 6 44 0.680687612344 0.5 1.0 5 137 0.005 0.095 0.0 0.0 1000.0 1 mini
note_add 5 63 0 9 48 0.689412655788 0.5 1.0 5 137 0.005 0.095 0.0 0.0 1000.0 1 mini
note_add 6 63 0 15 44 0.664335685932 0.5 1.0 5 137 0.005 0.095 0.0 0.0 1000.0 1 mini
note_add 7 63 0 21 44 0.699249583758 0.5 1.0 5 137 0.005 0.095 0.0 0.0 1000.0 1 mini
note_add 8 63 0 24 26 0.826542425289 0.5 1.0 5 137 0.005 0.095 0.0 0.0 1000.0 1 mini
note_add 9 63 0 27 38 0.737997319594 0.5 1.0 5 137 0.005 0.095 0.0 0.0 1000.0 1 mini
note_add 10 63 0 27 42 0.671027963479 0.5 1.0 5 137 0.005 0.095 0.0 0.0 1000.0 1 mini
note_add 11 63 0 33 40 0.727866267806 0.5 1.0 5 137 0.005 0.095 0.0 0.0 1000.0 1 mini
note_add 12 63 0 33 48 0.674593053365 0.5 1.0 5 137 0.005 0.095 0.0 0.0 1000.0 1 mini
page_add 67 11 0 [82, 82, 82, 82, 133]
note_add 1 67 0 0 34 0.942260596881 0.5 1.0 5 134 0.005 0.095 0.0 0.0 1000.0 1 mini
note_add 2 67 0 3 38 0.72175977127 0.5 1.0 5 134 0.005 0.095 0.0 0.0 1000.0 1 mini
note_add 3 67 0 3 42 0.694338417824 0.5 1.0 5 134 0.005 0.095 0.0 0.0 1000.0 1 mini
note_add 4 67 0 6 26 0.725991648348 0.5 1.0 5 134 0.005 0.095 0.0 0.0 1000.0 1 mini
note_add 5 67 0 9 46 0.673789246514 0.5 1.0 5 134 0.005 0.095 0.0 0.0 1000.0 1 mini
note_add 6 67 0 21 40 0.711089872007 0.5 1.0 5 134 0.005 0.095 0.0 0.0 1000.0 1 mini
note_add 7 67 0 21 44 0.724189552495 0.5 1.0 5 134 0.005 0.095 0.0 0.0 1000.0 1 mini
note_add 8 67 0 24 34 0.78660445793 0.5 1.0 5 134 0.005 0.095 0.0 0.0 1000.0 1 mini
note_add 9 67 0 33 38 0.689247104327 0.5 1.0 5 134 0.005 0.095 0.0 0.0 1000.0 1 mini
note_add 10 67 0 36 44 0.892482541278 0.5 1.0 5 134 0.005 0.095 0.0 0.0 1000.0 1 mini
note_add 11 67 0 39 46 0.743841693835 0.5 1.0 5 134 0.005 0.095 0.0 0.0 1000.0 1 mini
note_add 12 67 0 45 42 0.675915254637 0.5 1.0 5 134 0.005 0.095 0.0 0.0 1000.0 1 mini
note_add 13 67 0 48 28 0.867874500271 0.5 1.0 5 134 0.005 0.095 0.0 0.0 1000.0 1 mini
note_add 14 67 0 48 32 0.843933612421 0.5 1.0 5 134 0.005 0.095 0.0 0.0 1000.0 1 mini
note_add 15 67 0 48 36 0.882490480554 0.5 1.0 5 134 0.005 0.095 0.0 0.0 1000.0 1 mini
note_add 16 67 0 51 46 0.7260388951 0.5 1.0 5 134 0.005 0.095 0.0 0.0 1000.0 1 mini
note_add 17 67 0 54 26 0.723548457528 0.5 1.0 5 134 0.005 0.095 0.0 0.0 1000.0 1 mini
note_add 18 67 0 54 40 0.688941454565 0.5 1.0 5 134 0.005 0.095 0.0 0.0 1000.0 1 mini
note_add 19 67 0 57 38 0.692369221065 0.5 1.0 5 134 0.005 0.095 0.0 0.0 1000.0 1 mini
note_add 20 67 0 60 30 0.851574151203 0.5 1.0 5 134 0.005 0.095 0.0 0.0 1000.0 1 mini
note_add 21 67 0 63 42 0.725848400909 0.5 1.0 5 134 0.005 0.095 0.0 0.0 1000.0 1 mini
note_add 22 67 0 72 24 0.844375616982 0.5 1.0 5 134 0.005 0.095 0.0 0.0 1000.0 1 mini
note_add 23 67 0 75 36 0.721617793685 0.5 1.0 5 134 0.005 0.095 0.0 0.0 1000.0 1 mini
note_add 24 67 0 75 44 0.733357608142 0.5 1.0 5 134 0.005 0.095 0.0 0.0 1000.0 1 mini
note_add 25 67 0 84 24 0.816385837458 0.5 1.0 5 134 0.005 0.095 0.0 0.0 1000.0 1 mini
note_add 26 67 0 84 42 0.797679015697 0.5 1.0 5 134 0.005 0.095 0.0 0.0 1000.0 1 mini
note_add 27 67 0 87 40 0.736436950535 0.5 1.0 5 134 0.005 0.095 0.0 0.0 1000.0 1 mini
note_add 28 67 0 93 40 0.678395248218 0.5 1.0 5 134 0.005 0.095 0.0 0.0 1000.0 1 mini
note_add 29 67 0 93 46 0.711345361166 0.5 1.0 5 134 0.005 0.095 0.0 0.0 1000.0 1 mini
note_add 30 67 0 96 24 0.852190617798 0.5 1.0 5 134 0.005 0.095 0.0 0.0 1000.0 1 mini
note_add 31 67 0 99 38 0.730783663308 0.5 1.0 5 134 0.005 0.095 0.0 0.0 1000.0 1 mini
note_add 32 67 0 114 26 0.746689002705 0.5 1.0 5 134 0.005 0.095 0.0 0.0 1000.0 1 mini
note_add 33 67 0 117 36 0.696057408747 0.5 1.0 5 134 0.005 0.095 0.0 0.0 1000.0 1 mini
note_add 34 67 0 117 44 0.704912091309 0.5 1.0 5 134 0.005 0.095 0.0 0.0 1000.0 1 mini
note_add 35 67 0 120 26 0.89517776125 0.5 1.0 5 134 0.005 0.095 0.0 0.0 1000.0 1 mini
note_add 36 67 0 120 38 0.775461496957 0.5 1.0 5 134 0.005 0.095 0.0 0.0 1000.0 1 mini
note_add 37 67 0 123 36 0.671213642754 0.5 1.0 5 134 0.005 0.095 0.0 0.0 1000.0 1 mini
note_add 38 67 0 123 48 0.657357627725 0.5 1.0 5 134 0.005 0.095 0.0 0.0 1000.0 1 mini
page_add 68 3 0 [82, 82, 82, 82, 133]
note_add 1 68 0 0 24 0.939922537979 0.5 1.0 5 137 0.005 0.095 0.0 0.0 1000.0 1 mini
note_add 2 68 0 0 32 0.919417513279 0.5 1.0 5 137 0.005 0.095 0.0 0.0 1000.0 1 mini
note_add 3 68 0 0 46 0.94323408296 0.5 1.0 5 137 0.005 0.095 0.0 0.0 1000.0 1 mini
note_add 4 68 0 3 40 0.698900010891 0.5 1.0 5 137 0.005 0.095 0.0 0.0 1000.0 1 mini
note_add 5 68 0 6 46 0.698856456031 0.5 1.0 5 137 0.005 0.095 0.0 0.0 1000.0 1 mini
note_add 6 68 0 9 46 0.73534413844 0.5 1.0 5 137 0.005 0.095 0.0 0.0 1000.0 1 mini
note_add 7 68 0 12 28 0.777449966123 0.5 1.0 5 137 0.005 0.095 0.0 0.0 1000.0 1 mini
note_add 8 68 0 15 36 0.745537315527 0.5 1.0 5 137 0.005 0.095 0.0 0.0 1000.0 1 mini
note_add 9 68 0 18 40 0.731967099614 0.5 1.0 5 137 0.005 0.095 0.0 0.0 1000.0 1 mini
note_add 10 68 0 18 46 0.659748039959 0.5 1.0 5 137 0.005 0.095 0.0 0.0 1000.0 1 mini
note_add 11 68 0 24 48 0.887567039913 0.5 1.0 5 137 0.005 0.095 0.0 0.0 1000.0 1 mini
note_add 12 68 0 27 48 0.67596583908 0.5 1.0 5 137 0.005 0.095 0.0 0.0 1000.0 1 mini
page_add 71 9 0 [82, 82, 82, 82, 133]
note_add 1 71 0 0 28 0.940708810641 0.5 1.0 5 134 0.005 0.095 0.0 0.0 1000.0 1 mini
note_add 2 71 0 0 30 0.917125893398 0.5 1.0 5 134 0.005 0.095 0.0 0.0 1000.0 1 mini
note_add 3 71 0 3 38 0.659757355829 0.5 1.0 5 134 0.005 0.095 0.0 0.0 1000.0 1 mini
note_add 4 71 0 3 46 0.691197364433 0.5 1.0 5 134 0.005 0.095 0.0 0.0 1000.0 1 mini
note_add 5 71 0 15 36 0.728363093232 0.5 1.0 5 134 0.005 0.095 0.0 0.0 1000.0 1 mini
note_add 6 71 0 15 48 0.651730437628 0.5 1.0 5 134 0.005 0.095 0.0 0.0 1000.0 1 mini
note_add 7 71 0 21 36 0.748099491714 0.5 1.0 5 134 0.005 0.095 0.0 0.0 1000.0 1 mini
note_add 8 71 0 21 42 0.691142328317 0.5 1.0 5 134 0.005 0.095 0.0 0.0 1000.0 1 mini
note_add 9 71 0 24 26 0.799430971651 0.5 1.0 5 134 0.005 0.095 0.0 0.0 1000.0 1 mini
note_add 10 71 0 24 36 0.789827858454 0.5 1.0 5 134 0.005 0.095 0.0 0.0 1000.0 1 mini
note_add 11 71 0 27 40 0.717847096017 0.5 1.0 5 134 0.005 0.095 0.0 0.0 1000.0 1 mini
note_add 12 71 0 27 46 0.68775950814 0.5 1.0 5 134 0.005 0.095 0.0 0.0 1000.0 1 mini
note_add 13 71 0 36 28 0.847659428446 0.5 1.0 5 134 0.005 0.095 0.0 0.0 1000.0 1 mini
note_add 14 71 0 39 38 0.724596484561 0.5 1.0 5 134 0.005 0.095 0.0 0.0 1000.0 1 mini
note_add 15 71 0 42 38 0.672521332617 0.5 1.0 5 134 0.005 0.095 0.0 0.0 1000.0 1 mini
note_add 16 71 0 45 42 0.707153905275 0.5 1.0 5 134 0.005 0.095 0.0 0.0 1000.0 1 mini
note_add 17 71 0 48 26 0.768231729212 0.5 1.0 5 134 0.005 0.095 0.0 0.0 1000.0 1 mini
note_add 18 71 0 48 30 0.797498430547 0.5 1.0 5 134 0.005 0.095 0.0 0.0 1000.0 1 mini
note_add 19 71 0 51 40 0.662933204402 0.5 1.0 5 134 0.005 0.095 0.0 0.0 1000.0 1 mini
note_add 20 71 0 51 46 0.652875237261 0.5 1.0 5 134 0.005 0.095 0.0 0.0 1000.0 1 mini
note_add 21 71 0 60 28 0.870729034797 0.5 1.0 5 134 0.005 0.095 0.0 0.0 1000.0 1 mini
note_add 22 71 0 63 38 0.699990604686 0.5 1.0 5 134 0.005 0.095 0.0 0.0 1000.0 1 mini
note_add 23 71 0 63 46 0.744299692171 0.5 1.0 5 134 0.005 0.095 0.0 0.0 1000.0 1 mini
note_add 24 71 0 69 42 0.674719518782 0.5 1.0 5 134 0.005 0.095 0.0 0.0 1000.0 1 mini
note_add 25 71 0 72 28 0.793569160964 0.5 1.0 5 134 0.005 0.095 0.0 0.0 1000.0 1 mini
note_add 26 71 0 75 36 0.743411205808 0.5 1.0 5 134 0.005 0.095 0.0 0.0 1000.0 1 mini
note_add 27 71 0 84 30 0.76896495703 0.5 1.0 5 134 0.005 0.095 0.0 0.0 1000.0 1 mini
note_add 28 71 0 87 46 0.739799809332 0.5 1.0 5 134 0.005 0.095 0.0 0.0 1000.0 1 mini
note_add 29 71 0 96 28 0.854769659604 0.5 1.0 5 134 0.005 0.095 0.0 0.0 1000.0 1 mini
note_add 30 71 0 96 48 0.88403154664 0.5 1.0 5 134 0.005 0.095 0.0 0.0 1000.0 1 mini
page_add 74 3 0 [82, 82, 82, 82, 133]
note_add 1 74 0 0 30 0.900689216372 0.5 1.0 5 137 0.005 0.095 0.0 0.0 1000.0 1 mini
note_add 2 74 0 0 38 0.92403208165 0.5 1.0 5 137 0.005 0.095 0.0 0.0 1000.0 1 mini
note_add 3 74 0 6 24 0.710809973008 0.5 1.0 5 137 0.005 0.095 0.0 0.0 1000.0 1 mini
note_add 4 74 0 6 44 0.680687612344 0.5 1.0 5 137 0.005 0.095 0.0 0.0 1000.0 1 mini
note_add 5 74 0 9 48 0.689412655788 0.5 1.0 5 137 0.005 0.095 0.0 0.0 1000.0 1 mini
note_add 6 74 0 15 44 0.664335685932 0.5 1.0 5 137 0.005 0.095 0.0 0.0 1000.0 1 mini
note_add 7 74 0 21 44 0.699249583758 0.5 1.0 5 137 0.005 0.095 0.0 0.0 1000.0 1 mini
note_add 8 74 0 24 26 0.826542425289 0.5 1.0 5 137 0.005 0.095 0.0 0.0 1000.0 1 mini
note_add 9 74 0 27 38 0.737997319594 0.5 1.0 5 137 0.005 0.095 0.0 0.0 1000.0 1 mini
note_add 10 74 0 27 42 0.671027963479 0.5 1.0 5 137 0.005 0.095 0.0 0.0 1000.0 1 mini
note_add 11 74 0 33 40 0.727866267806 0.5 1.0 5 137 0.005 0.095 0.0 0.0 1000.0 1 mini
note_add 12 74 0 33 48 0.674593053365 0.5 1.0 5 137 0.005 0.095 0.0 0.0 1000.0 1 mini
page_add 76 11 0 [82, 82, 82, 82, 133]
note_add 1 76 0 0 34 0.942260596881 0.5 1.0 5 134 0.005 0.095 0.0 0.0 1000.0 1 mini
note_add 2 76 0 3 38 0.72175977127 0.5 1.0 5 134 0.005 0.095 0.0 0.0 1000.0 1 mini
note_add 3 76 0 3 42 0.694338417824 0.5 1.0 5 134 0.005 0.095 0.0 0.0 1000.0 1 mini
note_add 4 76 0 6 26 0.725991648348 0.5 1.0 5 134 0.005 0.095 0.0 0.0 1000.0 1 mini
note_add 5 76 0 9 46 0.673789246514 0.5 1.0 5 134 0.005 0.095 0.0 0.0 1000.0 1 mini
note_add 6 76 0 21 40 0.711089872007 0.5 1.0 5 134 0.005 0.095 0.0 0.0 1000.0 1 mini
note_add 7 76 0 21 44 0.724189552495 0.5 1.0 5 134 0.005 0.095 0.0 0.0 1000.0 1 mini
note_add 8 76 0 24 34 0.78660445793 0.5 1.0 5 134 0.005 0.095 0.0 0.0 1000.0 1 mini
note_add 9 76 0 33 38 0.689247104327 0.5 1.0 5 134 0.005 0.095 0.0 0.0 1000.0 1 mini
note_add 10 76 0 36 44 0.892482541278 0.5 1.0 5 134 0.005 0.095 0.0 0.0 1000.0 1 mini
note_add 11 76 0 39 46 0.743841693835 0.5 1.0 5 134 0.005 0.095 0.0 0.0 1000.0 1 mini
note_add 12 76 0 45 42 0.675915254637 0.5 1.0 5 134 0.005 0.095 0.0 0.0 1000.0 1 mini
note_add 13 76 0 48 28 0.867874500271 0.5 1.0 5 134 0.005 0.095 0.0 0.0 1000.0 1 mini
note_add 14 76 0 48 32 0.843933612421 0.5 1.0 5 134 0.005 0.095 0.0 0.0 1000.0 1 mini
note_add 15 76 0 48 36 0.882490480554 0.5 1.0 5 134 0.005 0.095 0.0 0.0 1000.0 1 mini
note_add 16 76 0 51 46 0.7260388951 0.5 1.0 5 134 0.005 0.095 0.0 0.0 1000.0 1 mini
note_add 17 76 0 54 26 0.723548457528 0.5 1.0 5 134 0.005 0.095 0.0 0.0 1000.0 1 mini
note_add 18 76 0 54 40 0.688941454565 0.5 1.0 5 134 0.005 0.095 0.0 0.0 1000.0 1 mini
note_add 19 76 0 57 38 0.692369221065 0.5 1.0 5 134 0.005 0.095 0.0 0.0 1000.0 1 mini
note_add 20 76 0 60 30 0.851574151203 0.5 1.0 5 134 0.005 0.095 0.0 0.0 1000.0 1 mini
note_add 21 76 0 63 42 0.725848400909 0.5 1.0 5 134 0.005 0.095 0.0 0.0 1000.0 1 mini
note_add 22 76 0 72 24 0.844375616982 0.5 1.0 5 134 0.005 0.095 0.0 0.0 1000.0 1 mini
note_add 23 76 0 75 36 0.721617793685 0.5 1.0 5 134 0.005 0.095 0.0 0.0 1000.0 1 mini
note_add 24 76 0 75 44 0.733357608142 0.5 1.0 5 134 0.005 0.095 0.0 0.0 1000.0 1 mini
note_add 25 76 0 84 24 0.816385837458 0.5 1.0 5 134 0.005 0.095 0.0 0.0 1000.0 1 mini
note_add 26 76 0 84 42 0.797679015697 0.5 1.0 5 134 0.005 0.095 0.0 0.0 1000.0 1 mini
note_add 27 76 0 87 40 0.736436950535 0.5 1.0 5 134 0.005 0.095 0.0 0.0 1000.0 1 mini
note_add 28 76 0 93 40 0.678395248218 0.5 1.0 5 134 0.005 0.095 0.0 0.0 1000.0 1 mini
note_add 29 76 0 93 46 0.711345361166 0.5 1.0 5 134 0.005 0.095 0.0 0.0 1000.0 1 mini
note_add 30 76 0 96 24 0.852190617798 0.5 1.0 5 134 0.005 0.095 0.0 0.0 1000.0 1 mini
note_add 31 76 0 99 38 0.730783663308 0.5 1.0 5 134 0.005 0.095 0.0 0.0 1000.0 1 mini
note_add 32 76 0 114 26 0.746689002705 0.5 1.0 5 134 0.005 0.095 0.0 0.0 1000.0 1 mini
note_add 33 76 0 117 36 0.696057408747 0.5 1.0 5 134 0.005 0.095 0.0 0.0 1000.0 1 mini
note_add 34 76 0 117 44 0.704912091309 0.5 1.0 5 134 0.005 0.095 0.0 0.0 1000.0 1 mini
note_add 35 76 0 120 26 0.89517776125 0.5 1.0 5 134 0.005 0.095 0.0 0.0 1000.0 1 mini
note_add 36 76 0 120 38 0.775461496957 0.5 1.0 5 134 0.005 0.095 0.0 0.0 1000.0 1 mini
note_add 37 76 0 123 36 0.671213642754 0.5 1.0 5 134 0.005 0.095 0.0 0.0 1000.0 1 mini
note_add 38 76 0 123 48 0.657357627725 0.5 1.0 5 134 0.005 0.095 0.0 0.0 1000.0 1 mini
page_add 77 3 0 [82, 82, 82, 82, 133]
note_add 1 77 0 0 24 0.939922537979 0.5 1.0 5 137 0.005 0.095 0.0 0.0 1000.0 1 mini
note_add 2 77 0 0 32 0.919417513279 0.5 1.0 5 137 0.005 0.095 0.0 0.0 1000.0 1 mini
note_add 3 77 0 0 46 0.94323408296 0.5 1.0 5 137 0.005 0.095 0.0 0.0 1000.0 1 mini
note_add 4 77 0 3 40 0.698900010891 0.5 1.0 5 137 0.005 0.095 0.0 0.0 1000.0 1 mini
note_add 5 77 0 6 46 0.698856456031 0.5 1.0 5 137 0.005 0.095 0.0 0.0 1000.0 1 mini
note_add 6 77 0 9 46 0.73534413844 0.5 1.0 5 137 0.005 0.095 0.0 0.0 1000.0 1 mini
note_add 7 77 0 12 28 0.777449966123 0.5 1.0 5 137 0.005 0.095 0.0 0.0 1000.0 1 mini
note_add 8 77 0 15 36 0.745537315527 0.5 1.0 5 137 0.005 0.095 0.0 0.0 1000.0 1 mini
note_add 9 77 0 18 40 0.731967099614 0.5 1.0 5 137 0.005 0.095 0.0 0.0 1000.0 1 mini
note_add 10 77 0 18 46 0.659748039959 0.5 1.0 5 137 0.005 0.095 0.0 0.0 1000.0 1 mini
note_add 11 77 0 24 48 0.887567039913 0.5 1.0 5 137 0.005 0.095 0.0 0.0 1000.0 1 mini
note_add 12 77 0 27 48 0.67596583908 0.5 1.0 5 137 0.005 0.095 0.0 0.0 1000.0 1 mini
page_add 78 9 0 [82, 82, 82, 82, 133]
note_add 1 78 0 0 24 0.925548542596 0.5 1.0 5 134 0.005 0.095 0.0 0.0 1000.0 1 mini
note_add 2 78 0 0 40 0.99515399493 0.5 1.0 5 134 0.005 0.095 0.0 0.0 1000.0 1 mini
note_add 3 78 0 3 42 0.656600534211 0.5 1.0 5 134 0.005 0.095 0.0 0.0 1000.0 1 mini
note_add 4 78 0 12 40 0.781608499687 0.5 1.0 5 134 0.005 0.095 0.0 0.0 1000.0 1 mini
note_add 5 78 0 18 42 0.746078356731 0.5 1.0 5 134 0.005 0.095 0.0 0.0 1000.0 1 mini
note_add 6 78 0 24 26 0.842788079016 0.5 1.0 5 134 0.005 0.095 0.0 0.0 1000.0 1 mini
note_add 7 78 0 24 30 0.858448377744 0.5 1.0 5 134 0.005 0.095 0.0 0.0 1000.0 1 mini
note_add 8 78 0 27 38 0.655557996923 0.5 1.0 5 134 0.005 0.095 0.0 0.0 1000.0 1 mini
note_add 9 78 0 36 24 0.84416548026 0.5 1.0 5 134 0.005 0.095 0.0 0.0 1000.0 1 mini
note_add 10 78 0 42 48 0.708755031747 0.5 1.0 5 134 0.005 0.095 0.0 0.0 1000.0 1 mini
note_add 11 78 0 45 46 0.694252886906 0.5 1.0 5 134 0.005 0.095 0.0 0.0 1000.0 1 mini
note_add 12 78 0 48 28 0.790745114826 0.5 1.0 5 134 0.005 0.095 0.0 0.0 1000.0 1 mini
note_add 13 78 0 51 38 0.693079205578 0.5 1.0 5 134 0.005 0.095 0.0 0.0 1000.0 1 mini
note_add 14 78 0 51 48 0.723114366376 0.5 1.0 5 134 0.005 0.095 0.0 0.0 1000.0 1 mini
note_add 15 78 0 57 42 0.74000144627 0.5 1.0 5 134 0.005 0.095 0.0 0.0 1000.0 1 mini
note_add 16 78 0 60 36 0.844357847996 0.5 1.0 5 134 0.005 0.095 0.0 0.0 1000.0 1 mini
note_add 17 78 0 63 36 0.670774638825 0.5 1.0 5 134 0.005 0.095 0.0 0.0 1000.0 1 mini
note_add 18 78 0 69 42 0.666807403745 0.5 1.0 5 134 0.005 0.095 0.0 0.0 1000.0 1 mini
note_add 19 78 0 72 24 0.802855117652 0.5 1.0 5 134 0.005 0.095 0.0 0.0 1000.0 1 mini
note_add 20 78 0 72 32 0.850137481504 0.5 1.0 5 134 0.005 0.095 0.0 0.0 1000.0 1 mini
note_add 21 78 0 75 42 0.714082247268 0.5 1.0 5 134 0.005 0.095 0.0 0.0 1000.0 1 mini
note_add 22 78 0 84 28 0.854088386031 0.5 1.0 5 134 0.005 0.095 0.0 0.0 1000.0 1 mini
note_add 23 78 0 84 38 0.816924020176 0.5 1.0 5 134 0.005 0.095 0.0 0.0 1000.0 1 mini
note_add 24 78 0 87 38 0.698932384487 0.5 1.0 5 134 0.005 0.095 0.0 0.0 1000.0 1 mini
note_add 25 78 0 87 42 0.674609289728 0.5 1.0 5 134 0.005 0.095 0.0 0.0 1000.0 1 mini
note_add 26 78 0 96 26 0.884421425859 0.5 1.0 5 134 0.005 0.095 0.0 0.0 1000.0 1 mini
note_add 27 78 0 96 32 0.816095303092 0.5 1.0 5 134 0.005 0.095 0.0 0.0 1000.0 1 mini
note_add 28 78 0 96 40 0.85609056018 0.5 1.0 5 134 0.005 0.095 0.0 0.0 1000.0 1 mini
note_add 29 78 0 99 36 0.739998407875 0.5 1.0 5 134 0.005 0.095 0.0 0.0 1000.0 1 mini
note_add 30 78 0 99 48 0.735836941454 0.5 1.0 5 134 0.005 0.095 0.0 0.0 1000.0 1 mini
page_add 79 3 0 [82, 82, 82, 82, 133]
note_add 1 79 0 0 28 0.948923051548 0.5 1.0 5 137 0.005 0.095 0.0 0.0 1000.0 1 mini
note_add 2 79 0 0 32 0.983674976389 0.5 1.0 5 137 0.005 0.095 0.0 0.0 1000.0 1 mini
note_add 3 79 0 3 38 0.676515455171 0.5 1.0 5 137 0.005 0.095 0.0 0.0 1000.0 1 mini
note_add 4 79 0 3 44 0.748902416777 0.5 1.0 5 137 0.005 0.095 0.0 0.0 1000.0 1 mini
note_add 5 79 0 9 42 0.721823750258 0.5 1.0 5 137 0.005 0.095 0.0 0.0 1000.0 1 mini
note_add 6 79 0 18 26 0.727501183971 0.5 1.0 5 137 0.005 0.095 0.0 0.0 1000.0 1 mini
note_add 7 79 0 18 42 0.692538780737 0.5 1.0 5 137 0.005 0.095 0.0 0.0 1000.0 1 mini
note_add 8 79 0 21 42 0.704638060569 0.5 1.0 5 137 0.005 0.095 0.0 0.0 1000.0 1 mini
note_add 9 79 0 27 38 0.699231033599 0.5 1.0 5 137 0.005 0.095 0.0 0.0 1000.0 1 mini
note_add 10 79 0 27 42 0.710291506584 0.5 1.0 5 137 0.005 0.095 0.0 0.0 1000.0 1 mini
note_add 11 79 0 33 38 0.740104587325 0.5 1.0 5 137 0.005 0.095 0.0 0.0 1000.0 1 mini
note_add 12 79 0 33 42 0.712509981931 0.5 1.0 5 137 0.005 0.095 0.0 0.0 1000.0 1 mini
page_add 80 9 0 [82, 82, 82, 82, 133]
note_add 1 80 0 0 28 0.940708810641 0.5 1.0 5 134 0.005 0.095 0.0 0.0 1000.0 1 mini
note_add 2 80 0 0 30 0.917125893398 0.5 1.0 5 134 0.005 0.095 0.0 0.0 1000.0 1 mini
note_add 3 80 0 3 38 0.659757355829 0.5 1.0 5 134 0.005 0.095 0.0 0.0 1000.0 1 mini
note_add 4 80 0 3 46 0.691197364433 0.5 1.0 5 134 0.005 0.095 0.0 0.0 1000.0 1 mini
note_add 5 80 0 15 36 0.728363093232 0.5 1.0 5 134 0.005 0.095 0.0 0.0 1000.0 1 mini
note_add 6 80 0 15 48 0.651730437628 0.5 1.0 5 134 0.005 0.095 0.0 0.0 1000.0 1 mini
note_add 7 80 0 21 36 0.748099491714 0.5 1.0 5 134 0.005 0.095 0.0 0.0 1000.0 1 mini
note_add 8 80 0 21 42 0.691142328317 0.5 1.0 5 134 0.005 0.095 0.0 0.0 1000.0 1 mini
note_add 9 80 0 24 26 0.799430971651 0.5 1.0 5 134 0.005 0.095 0.0 0.0 1000.0 1 mini
note_add 10 80 0 24 36 0.789827858454 0.5 1.0 5 134 0.005 0.095 0.0 0.0 1000.0 1 mini
note_add 11 80 0 27 40 0.717847096017 0.5 1.0 5 134 0.005 0.095 0.0 0.0 1000.0 1 mini
note_add 12 80 0 27 46 0.68775950814 0.5 1.0 5 134 0.005 0.095 0.0 0.0 1000.0 1 mini
note_add 13 80 0 36 28 0.847659428446 0.5 1.0 5 134 0.005 0.095 0.0 0.0 1000.0 1 mini
note_add 14 80 0 39 38 0.724596484561 0.5 1.0 5 134 0.005 0.095 0.0 0.0 1000.0 1 mini
note_add 15 80 0 42 38 0.672521332617 0.5 1.0 5 134 0.005 0.095 0.0 0.0 1000.0 1 mini
note_add 16 80 0 45 42 0.707153905275 0.5 1.0 5 134 0.005 0.095 0.0 0.0 1000.0 1 mini
note_add 17 80 0 48 26 0.768231729212 0.5 1.0 5 134 0.005 0.095 0.0 0.0 1000.0 1 mini
note_add 18 80 0 48 30 0.797498430547 0.5 1.0 5 134 0.005 0.095 0.0 0.0 1000.0 1 mini
note_add 19 80 0 51 40 0.662933204402 0.5 1.0 5 134 0.005 0.095 0.0 0.0 1000.0 1 mini
note_add 20 80 0 51 46 0.652875237261 0.5 1.0 5 134 0.005 0.095 0.0 0.0 1000.0 1 mini
note_add 21 80 0 60 28 0.870729034797 0.5 1.0 5 134 0.005 0.095 0.0 0.0 1000.0 1 mini
note_add 22 80 0 63 38 0.699990604686 0.5 1.0 5 134 0.005 0.095 0.0 0.0 1000.0 1 mini
note_add 23 80 0 63 46 0.744299692171 0.5 1.0 5 134 0.005 0.095 0.0 0.0 1000.0 1 mini
note_add 24 80 0 69 42 0.674719518782 0.5 1.0 5 134 0.005 0.095 0.0 0.0 1000.0 1 mini
note_add 25 80 0 72 28 0.793569160964 0.5 1.0 5 134 0.005 0.095 0.0 0.0 1000.0 1 mini
note_add 26 80 0 75 36 0.743411205808 0.5 1.0 5 134 0.005 0.095 0.0 0.0 1000.0 1 mini
note_add 27 80 0 84 30 0.76896495703 0.5 1.0 5 134 0.005 0.095 0.0 0.0 1000.0 1 mini
note_add 28 80 0 87 46 0.739799809332 0.5 1.0 5 134 0.005 0.095 0.0 0.0 1000.0 1 mini
note_add 29 80 0 96 28 0.854769659604 0.5 1.0 5 134 0.005 0.095 0.0 0.0 1000.0 1 mini
note_add 30 80 0 96 48 0.88403154664 0.5 1.0 5 134 0.005 0.095 0.0 0.0 1000.0 1 mini
page_add 81 2 0 [88, 76, 56, 82, 135]
note_add 1 81 0 0 45 0.75 0.5 3.0 0 88 0.005 0.098 0.1 0.0 1000.0 1 edit
note_add 2 81 0 3 45 0.75 0.5 3.0 0 88 0.005 0.098 0.1 0.0 1000.0 1 edit
note_add 3 81 0 6 45 0.75 0.5 3.0 0 88 0.005 0.098 0.1 0.0 1000.0 1 edit
note_add 4 81 0 9 41 0.75 0.5 3.0 0 88 0.005 0.098 0.1 0.0 1000.0 1 edit
note_add 5 81 0 12 24 0.75 0.5 3.0 0 88 0.005 0.098 0.1 0.0 1000.0 1 edit
note_add 6 81 0 15 24 0.75 0.5 3.0 0 88 0.005 0.098 0.1 0.0 1000.0 1 edit
note_add 7 81 0 18 38 0.75 0.5 3.0 0 88 0.005 0.098 0.1 0.0 1000.0 1 edit
note_add 8 81 0 21 45 0.75 0.5 3.0 0 88 0.005 0.098 0.1 0.0 1000.0 1 edit
page_add 82 5 0 [88, 76, 56, 82, 135]
note_add 1 82 0 0 48 0.75 0.5 1.0 0 88 0.005 0.098 0.1 0.0 1000.0 1 edit
note_add 2 82 0 1 48 0.75 0.5 1.0 0 88 0.005 0.098 0.1 0.0 1000.0 1 edit
note_add 3 82 0 2 48 0.75 0.5 1.0 0 88 0.005 0.098 0.1 0.0 1000.0 1 edit
note_add 4 82 0 3 48 0.75 0.5 1.0 0 88 0.005 0.098 0.1 0.0 1000.0 1 edit
note_add 5 82 0 4 48 0.75 0.5 1.0 0 88 0.005 0.098 0.1 0.0 1000.0 1 edit
note_add 6 82 0 7 35 0.75 0.5 1.0 0 88 0.005 0.098 0.1 0.0 1000.0 1 edit
note_add 7 82 0 8 36 0.75 0.5 1.0 0 88 0.005 0.098 0.1 0.0 1000.0 1 edit
note_add 8 82 0 9 34 0.75 0.5 1.0 0 88 0.005 0.098 0.1 0.0 1000.0 1 edit
note_add 9 82 0 10 36 0.75 0.5 1.0 0 88 0.005 0.098 0.1 0.0 1000.0 1 edit
note_add 10 82 0 11 34 0.75 0.5 1.0 0 88 0.005 0.098 0.1 0.0 1000.0 1 edit
note_add 11 82 0 12 24 0.75 0.5 1.0 0 88 0.005 0.098 0.1 0.0 1000.0 1 edit
note_add 12 82 0 13 24 0.75 0.5 1.0 0 88 0.005 0.098 0.1 0.0 1000.0 1 edit
note_add 13 82 0 14 24 0.75 0.5 1.0 0 88 0.005 0.098 0.1 0.0 1000.0 1 edit
note_add 14 82 0 15 24 0.75 0.5 1.0 0 88 0.005 0.098 0.1 0.0 1000.0 1 edit
note_add 15 82 0 16 24 0.75 0.5 1.0 0 88 0.005 0.098 0.1 0.0 1000.0 1 edit
note_add 16 82 0 19 35 0.75 0.5 1.0 0 88 0.005 0.098 0.1 0.0 1000.0 1 edit
note_add 17 82 0 20 36 0.75 0.5 1.0 0 88 0.005 0.098 0.1 0.0 1000.0 1 edit
note_add 18 82 0 21 34 0.75 0.5 1.0 0 88 0.005 0.098 0.1 0.0 1000.0 1 edit
note_add 19 82 0 22 36 0.75 0.5 1.0 0 88 0.005 0.098 0.1 0.0 1000.0 1 edit
note_add 20 82 0 23 34 0.75 0.5 1.0 0 88 0.005 0.098 0.1 0.0 1000.0 1 edit
note_add 21 82 0 24 48 0.75 0.5 1.0 0 88 0.005 0.098 0.1 0.0 1000.0 1 edit
note_add 22 82 0 25 48 0.75 0.5 1.0 0 88 0.005 0.098 0.1 0.0 1000.0 1 edit
note_add 23 82 0 26 48 0.75 0.5 1.0 0 88 0.005 0.098 0.1 0.0 1000.0 1 edit
note_add 24 82 0 27 48 0.75 0.5 1.0 0 88 0.005 0.098 0.1 0.0 1000.0 1 edit
note_add 25 82 0 31 35 0.75 0.5 1.0 0 88 0.005 0.098 0.1 0.0 1000.0 1 edit
note_add 26 82 0 32 36 0.75 0.5 1.0 0 88 0.005 0.098 0.1 0.0 1000.0 1 edit
note_add 27 82 0 33 34 0.75 0.5 1.0 0 88 0.005 0.098 0.1 0.0 1000.0 1 edit
note_add 28 82 0 34 36 0.75 0.5 1.0 0 88 0.005 0.098 0.1 0.0 1000.0 1 edit
note_add 29 82 0 35 34 0.75 0.5 1.0 0 88 0.005 0.098 0.1 0.0 1000.0 1 edit
note_add 30 82 0 36 24 0.75 0.5 1.0 0 88 0.005 0.098 0.1 0.0 1000.0 1 edit
note_add 31 82 0 37 24 0.75 0.5 1.0 0 88 0.005 0.098 0.1 0.0 1000.0 1 edit
note_add 32 82 0 38 24 0.75 0.5 1.0 0 88 0.005 0.098 0.1 0.0 1000.0 1 edit
note_add 33 82 0 39 24 0.75 0.5 1.0 0 88 0.005 0.098 0.1 0.0 1000.0 1 edit
note_add 34 82 0 43 35 0.75 0.5 1.0 0 88 0.005 0.098 0.1 0.0 1000.0 1 edit
note_add 35 82 0 44 36 0.75 0.5 1.0 0 88 0.005 0.098 0.1 0.0 1000.0 1 edit
note_add 36 82 0 45 34 0.75 0.5 1.0 0 88 0.005 0.098 0.1 0.0 1000.0 1 edit
note_add 37 82 0 46 36 0.75 0.5 1.0 0 88 0.005 0.098 0.1 0.0 1000.0 1 edit
note_add 38 82 0 47 34 0.75 0.5 1.0 0 88 0.005 0.098 0.1 0.0 1000.0 1 edit
note_add 39 82 0 55 35 0.75 0.5 1.0 0 88 0.005 0.098 0.1 0.0 1000.0 1 edit
note_add 40 82 0 56 36 0.75 0.5 1.0 0 88 0.005 0.098 0.1 0.0 1000.0 1 edit
note_add 41 82 0 57 34 0.75 0.5 1.0 0 88 0.005 0.098 0.1 0.0 1000.0 1 edit
note_add 42 82 0 58 36 0.75 0.5 1.0 0 88 0.005 0.098 0.1 0.0 1000.0 1 edit
note_add 43 82 0 59 34 0.75 0.5 1.0 0 88 0.005 0.098 0.1 0.0 1000.0 1 edit
page_add 83 3 0 [82, 82, 82, 82, 133]
note_add 1 83 0 0 30 0.900689216372 0.5 1.0 5 137 0.005 0.095 0.0 0.0 1000.0 1 mini
note_add 2 83 0 0 38 0.92403208165 0.5 1.0 5 137 0.005 0.095 0.0 0.0 1000.0 1 mini
note_add 3 83 0 6 24 0.710809973008 0.5 1.0 5 137 0.005 0.095 0.0 0.0 1000.0 1 mini
note_add 4 83 0 6 44 0.680687612344 0.5 1.0 5 137 0.005 0.095 0.0 0.0 1000.0 1 mini
note_add 5 83 0 9 48 0.689412655788 0.5 1.0 5 137 0.005 0.095 0.0 0.0 1000.0 1 mini
note_add 6 83 0 15 44 0.664335685932 0.5 1.0 5 137 0.005 0.095 0.0 0.0 1000.0 1 mini
note_add 7 83 0 21 44 0.699249583758 0.5 1.0 5 137 0.005 0.095 0.0 0.0 1000.0 1 mini
note_add 8 83 0 24 26 0.826542425289 0.5 1.0 5 137 0.005 0.095 0.0 0.0 1000.0 1 mini
note_add 9 83 0 27 38 0.737997319594 0.5 1.0 5 137 0.005 0.095 0.0 0.0 1000.0 1 mini
note_add 10 83 0 27 42 0.671027963479 0.5 1.0 5 137 0.005 0.095 0.0 0.0 1000.0 1 mini
note_add 11 83 0 33 40 0.727866267806 0.5 1.0 5 137 0.005 0.095 0.0 0.0 1000.0 1 mini
note_add 12 83 0 33 48 0.674593053365 0.5 1.0 5 137 0.005 0.095 0.0 0.0 1000.0 1 mini
page_add 84 7 0 [88, 77, 67, 85, 137]
note_add 1 84 0 0 29 0.75 0.5 24.0 0 88 0.005 0.098 0.1 0.0 1000.0 1 edit
note_add 2 84 0 24 44 0.75 0.5 7.0 0 88 0.005 0.098 0.1 0.0 1000.0 1 edit
note_add 3 84 0 36 44 0.75 0.5 6.0 0 88 0.005 0.098 0.1 0.0 1000.0 1 edit
note_add 4 84 0 48 32 0.75 0.5 24.0 0 88 0.005 0.098 0.1 0.0 1000.0 1 edit
block_add Drum False 236 203 False {'name': 'drum5kit', 'regularity': 0.17265378043653012, 'page': 79, 'volume': 0.5, 'beats': 3, 'seed': 0.61058227696419964, 'key': None, 'reverb': 0.0, 'id': 137}
block_add Instrument False 437 137 False {'volume': 0.5, 'reverb': 0, 'name': 'duck', 'pan': 0.5, 'id': 30}
block_add Loop False 567 137 True {'key': None, 'beats': 7, 'name': 'loop1', 'regularity': 0.80000000000000004, 'id': 84}
block_add Instrument True 431 302 False {'volume': 0.5, 'reverb': 0, 'name': 'rhodes', 'pan': 0.5, 'id': 85}
block_add Instrument False 443 445 False {'volume': 0.5, 'reverb': 0, 'name': 'ow', 'pan': 0.5, 'id': 63}
block_add Loop False 550 445 True {'key': None, 'beats': 5, 'name': 'loop2', 'regularity': 0.80000000000000004, 'id': 82}
block_add Loop False 638 445 True {'key': None, 'beats': 2, 'name': 'loop3', 'regularity': 0.80000000000000004, 'id': 81}
block_add Drum False 233 354 False {'name': 'drum2kit', 'regularity': 0.32130953701001352, 'id': 134, 'volume': 0.5, 'beats': 9, 'key': None, 'reverb': 0.0, 'page': 78}
sync_beats 3
