page_add 126 12 0 ['kalimba', 'kalimba', 'kalimba', 'kalimba', 'drum1kit']
page_add 127 12 0 ['kalimba', 'kalimba', 'kalimba', 'kalimba', 'drum1kit']
page_add 128 12 0 ['kalimba', 'kalimba', 'kalimba', 'kalimba', 'drum1kit']
page_add 129 12 0 ['kalimba', 'kalimba', 'kalimba', 'kalimba', 'drum1kit']
page_add 130 12 0 ['kalimba', 'kalimba', 'kalimba', 'kalimba', 'drum1kit']
page_add 131 12 0 ['kalimba', 'kalimba', 'kalimba', 'kalimba', 'drum1kit']
page_add 132 12 0 ['kalimba', 'kalimba', 'kalimba', 'kalimba', 'drum1kit']
note_add 1 132 0 0 38 0.993375939274 0.5 1.0 0 135 0.002 0.1 0.1 0.0 1000.0 1 edit
note_add 2 132 0 3 29 0.749952124927 0.5 1.0 0 135 0.002 0.1 0.1 0.0 1000.0 1 edit
note_add 3 132 0 6 34 0.677014781996 0.5 1.0 0 135 0.002 0.1 0.1 0.0 1000.0 1 edit
note_add 4 132 0 9 29 0.719562261086 0.5 1.0 0 135 0.002 0.1 0.1 0.0 1000.0 1 edit
note_add 5 132 0 12 38 0.877906794188 0.5 1.0 0 135 0.002 0.1 0.1 0.0 1000.0 1 edit
note_add 6 132 0 18 34 0.682153316594 0.5 1.0 0 135 0.002 0.1 0.1 0.0 1000.0 1 edit
note_add 7 132 0 24 29 0.846600337911 0.5 1.0 0 135 0.002 0.1 0.1 0.0 1000.0 1 edit
note_add 8 132 0 30 38 0.743359648416 0.5 1.0 0 135 0.002 0.1 0.1 0.0 1000.0 1 edit
note_add 9 132 0 36 34 0.755681709359 0.5 1.0 0 135 0.002 0.1 0.1 0.0 1000.0 1 edit
note_add 10 132 0 42 38 0.727927529544 0.5 1.0 0 135 0.002 0.1 0.1 0.0 1000.0 1 edit
note_add 11 132 0 48 29 0.823410649165 0.5 1.0 0 135 0.002 0.1 0.1 0.0 1000.0 1 edit
note_add 12 132 0 54 34 0.721964065927 0.5 1.0 0 135 0.002 0.1 0.1 0.0 1000.0 1 edit
note_add 13 132 0 57 29 0.737360621225 0.5 1.0 0 135 0.002 0.1 0.1 0.0 1000.0 1 edit
note_add 14 132 0 60 38 0.79220652261 0.5 1.0 0 135 0.002 0.1 0.1 0.0 1000.0 1 edit
note_add 15 132 0 63 29 0.703002813834 0.5 1.0 0 135 0.002 0.1 0.1 0.0 1000.0 1 edit
note_add 16 132 0 66 34 0.735977983841 0.5 1.0 0 135 0.002 0.1 0.1 0.0 1000.0 1 edit
note_add 17 132 0 72 29 0.850358285233 0.5 1.0 0 135 0.002 0.1 0.1 0.0 1000.0 1 edit
note_add 18 132 0 78 38 0.681502853966 0.5 1.0 0 135 0.002 0.1 0.1 0.0 1000.0 1 edit
note_add 19 132 0 84 29 0.834097724403 0.5 1.0 0 135 0.002 0.1 0.1 0.0 1000.0 1 edit
note_add 20 132 0 96 38 0.782137687165 0.5 1.0 0 135 0.002 0.1 0.1 0.0 1000.0 1 edit
note_add 21 132 0 102 29 0.72226621012 0.5 1.0 0 135 0.002 0.1 0.1 0.0 1000.0 1 edit
note_add 22 132 0 105 34 0.722711127079 0.5 1.0 0 135 0.002 0.1 0.1 0.0 1000.0 1 edit
note_add 23 132 0 108 29 0.8022116384 0.5 1.0 0 135 0.002 0.1 0.1 0.0 1000.0 1 edit
note_add 24 132 0 114 38 0.684615477499 0.5 1.0 0 135 0.002 0.1 0.1 0.0 1000.0 1 edit
note_add 25 132 0 117 29 0.669331655465 0.5 1.0 0 135 0.002 0.1 0.1 0.0 1000.0 1 edit
note_add 26 132 0 120 34 0.891971485177 0.5 1.0 0 135 0.002 0.1 0.1 0.0 1000.0 1 edit
note_add 27 132 0 126 29 0.657313058229 0.5 1.0 0 135 0.002 0.1 0.1 0.0 1000.0 1 edit
note_add 28 132 0 132 29 0.797614212814 0.5 1.0 0 135 0.002 0.1 0.1 0.0 1000.0 1 edit
note_add 29 132 0 138 34 0.664789075679 0.5 1.0 0 135 0.002 0.1 0.1 0.0 1000.0 1 edit
page_add 133 12 0 ['kalimba', 'kalimba', 'kalimba', 'kalimba', 'drum1kit']
note_add 1 133 0 0 48 0.939198758781 0.5 1.0 0 138 0.002 0.1 0.1 0.0 1000.0 1 edit
note_add 2 133 0 6 44 0.673976988378 0.5 1.0 0 138 0.002 0.1 0.1 0.0 1000.0 1 edit
note_add 3 133 0 12 38 0.888981247195 0.5 1.0 0 138 0.002 0.1 0.1 0.0 1000.0 1 edit
note_add 4 133 0 18 44 0.694390481675 0.5 1.0 0 138 0.002 0.1 0.1 0.0 1000.0 1 edit
note_add 5 133 0 24 36 0.861556665353 0.5 1.0 0 138 0.002 0.1 0.1 0.0 1000.0 1 edit
note_add 6 133 0 30 27 0.690387893522 0.5 1.0 0 138 0.002 0.1 0.1 0.0 1000.0 1 edit
note_add 7 133 0 36 38 0.797574046007 0.5 1.0 0 138 0.002 0.1 0.1 0.0 1000.0 1 edit
note_add 8 133 0 42 44 0.67857460386 0.5 1.0 0 138 0.002 0.1 0.1 0.0 1000.0 1 edit
note_add 9 133 0 48 36 0.794572610205 0.5 1.0 0 138 0.002 0.1 0.1 0.0 1000.0 1 edit
note_add 10 133 0 54 27 0.66875483102 0.5 1.0 0 138 0.002 0.1 0.1 0.0 1000.0 1 edit
note_add 11 133 0 60 38 0.801935673365 0.5 1.0 0 138 0.002 0.1 0.1 0.0 1000.0 1 edit
note_add 12 133 0 66 48 0.740349018696 0.5 1.0 0 138 0.002 0.1 0.1 0.0 1000.0 1 edit
note_add 13 133 0 72 44 0.77892055155 0.5 1.0 0 138 0.002 0.1 0.1 0.0 1000.0 1 edit
note_add 14 133 0 78 38 0.73227997725 0.5 1.0 0 138 0.002 0.1 0.1 0.0 1000.0 1 edit
note_add 15 133 0 84 44 0.820260926049 0.5 1.0 0 138 0.002 0.1 0.1 0.0 1000.0 1 edit
note_add 16 133 0 96 27 0.793158769408 0.5 1.0 0 138 0.002 0.1 0.1 0.0 1000.0 1 edit
note_add 17 133 0 102 38 0.656686162304 0.5 1.0 0 138 0.002 0.1 0.1 0.0 1000.0 1 edit
note_add 18 133 0 108 44 0.878107989318 0.5 1.0 0 138 0.002 0.1 0.1 0.0 1000.0 1 edit
note_add 19 133 0 120 27 0.791265507137 0.5 1.0 0 138 0.002 0.1 0.1 0.0 1000.0 1 edit
note_add 20 133 0 126 38 0.70522982386 0.5 1.0 0 138 0.002 0.1 0.1 0.0 1000.0 1 edit
note_add 21 133 0 132 48 0.85190610158 0.5 1.0 0 138 0.002 0.1 0.1 0.0 1000.0 1 edit
note_add 22 133 0 138 44 0.665772765343 0.5 1.0 0 138 0.002 0.1 0.1 0.0 1000.0 1 edit
page_add 134 12 0 ['kalimba', 'kalimba', 'kalimba', 'kalimba', 'drum1kit']
note_add 1 134 0 0 31 0.946913669348 0.5 1.0 0 136 0.002 0.1 0.1 0.0 1000.0 1 edit
note_add 2 134 0 6 26 0.71583586404 0.5 1.0 0 136 0.002 0.1 0.1 0.0 1000.0 1 edit
note_add 3 134 0 12 24 0.897697434998 0.5 1.0 0 136 0.002 0.1 0.1 0.0 1000.0 1 edit
note_add 4 134 0 18 31 0.70406812797 0.5 1.0 0 136 0.002 0.1 0.1 0.0 1000.0 1 edit
note_add 5 134 0 24 36 0.893493149129 0.5 1.0 0 136 0.002 0.1 0.1 0.0 1000.0 1 edit
note_add 6 134 0 30 46 0.674704009758 0.5 1.0 0 136 0.002 0.1 0.1 0.0 1000.0 1 edit
note_add 7 134 0 36 48 0.817764276467 0.5 1.0 0 136 0.002 0.1 0.1 0.0 1000.0 1 edit
note_add 8 134 0 42 39 0.738883619063 0.5 1.0 0 136 0.002 0.1 0.1 0.0 1000.0 1 edit
note_add 9 134 0 48 31 0.874041058685 0.5 1.0 0 136 0.002 0.1 0.1 0.0 1000.0 1 edit
note_add 10 134 0 54 36 0.717260581274 0.5 1.0 0 136 0.002 0.1 0.1 0.0 1000.0 1 edit
note_add 11 134 0 60 46 0.842654677988 0.5 1.0 0 136 0.002 0.1 0.1 0.0 1000.0 1 edit
note_add 12 134 0 66 31 0.695539917986 0.5 1.0 0 136 0.002 0.1 0.1 0.0 1000.0 1 edit
note_add 13 134 0 72 26 0.774895530686 0.5 1.0 0 136 0.002 0.1 0.1 0.0 1000.0 1 edit
note_add 14 134 0 78 24 0.734936432567 0.5 1.0 0 136 0.002 0.1 0.1 0.0 1000.0 1 edit
note_add 15 134 0 84 31 0.809438204648 0.5 1.0 0 136 0.002 0.1 0.1 0.0 1000.0 1 edit
note_add 16 134 0 90 36 0.731793848853 0.5 1.0 0 136 0.002 0.1 0.1 0.0 1000.0 1 edit
note_add 17 134 0 96 46 0.831460136253 0.5 1.0 0 136 0.002 0.1 0.1 0.0 1000.0 1 edit
note_add 18 134 0 102 48 0.690480605994 0.5 1.0 0 136 0.002 0.1 0.1 0.0 1000.0 1 edit
note_add 19 134 0 108 39 0.893809682958 0.5 1.0 0 136 0.002 0.1 0.1 0.0 1000.0 1 edit
note_add 20 134 0 114 31 0.678721551193 0.5 1.0 0 136 0.002 0.1 0.1 0.0 1000.0 1 edit
note_add 21 134 0 120 36 0.805353599876 0.5 1.0 0 136 0.002 0.1 0.1 0.0 1000.0 1 edit
note_add 22 134 0 126 46 0.704376384358 0.5 1.0 0 136 0.002 0.1 0.1 0.0 1000.0 1 edit
note_add 23 134 0 132 31 0.775010611331 0.5 1.0 0 136 0.002 0.1 0.1 0.0 1000.0 1 edit
note_add 24 134 0 138 26 0.667922014926 0.5 1.0 0 136 0.002 0.1 0.1 0.0 1000.0 1 edit
page_add 135 12 0 ['kalimba', 'kalimba', 'kalimba', 'kalimba', 'drum1kit']
note_add 1 135 0 0 24 0.959375247475 0.5 1.0 0 134 0.005 0.095 0.0 0.0 1000.0 1 mini
note_add 2 135 0 0 30 0.939599731054 0.5 1.0 0 134 0.005 0.095 0.0 0.0 1000.0 1 mini
note_add 3 135 0 6 40 0.721966375794 0.5 1.0 0 134 0.005 0.095 0.0 0.0 1000.0 1 mini
note_add 4 135 0 12 40 0.895423607134 0.5 1.0 0 134 0.005 0.095 0.0 0.0 1000.0 1 mini
note_add 5 135 0 12 46 0.785191721441 0.5 1.0 0 134 0.005 0.095 0.0 0.0 1000.0 1 mini
note_add 6 135 0 18 46 0.741003765326 0.5 1.0 0 134 0.005 0.095 0.0 0.0 1000.0 1 mini
note_add 7 135 0 21 46 0.668210001957 0.5 1.0 0 134 0.005 0.095 0.0 0.0 1000.0 1 mini
note_add 8 135 0 24 24 0.87244352719 0.5 1.0 0 134 0.005 0.095 0.0 0.0 1000.0 1 mini
note_add 9 135 0 24 30 0.859165411747 0.5 1.0 0 134 0.005 0.095 0.0 0.0 1000.0 1 mini
note_add 10 135 0 27 40 0.716721848338 0.5 1.0 0 134 0.005 0.095 0.0 0.0 1000.0 1 mini
note_add 11 135 0 30 46 0.672128464522 0.5 1.0 0 134 0.005 0.095 0.0 0.0 1000.0 1 mini
note_add 12 135 0 42 46 0.670360888895 0.5 1.0 0 134 0.005 0.095 0.0 0.0 1000.0 1 mini
note_add 13 135 0 48 24 0.77152989084 0.5 1.0 0 134 0.005 0.095 0.0 0.0 1000.0 1 mini
note_add 14 135 0 48 40 0.75816328355 0.5 1.0 0 134 0.005 0.095 0.0 0.0 1000.0 1 mini
note_add 15 135 0 54 40 0.684755913433 0.5 1.0 0 134 0.005 0.095 0.0 0.0 1000.0 1 mini
note_add 16 135 0 54 46 0.684962570033 0.5 1.0 0 134 0.005 0.095 0.0 0.0 1000.0 1 mini
note_add 17 135 0 60 24 0.851876100337 0.5 1.0 0 134 0.005 0.095 0.0 0.0 1000.0 1 mini
note_add 18 135 0 60 30 0.861868513836 0.5 1.0 0 134 0.005 0.095 0.0 0.0 1000.0 1 mini
note_add 19 135 0 60 40 0.850584597699 0.5 1.0 0 134 0.005 0.095 0.0 0.0 1000.0 1 mini
note_add 20 135 0 63 40 0.739437736194 0.5 1.0 0 134 0.005 0.095 0.0 0.0 1000.0 1 mini
note_add 21 135 0 66 46 0.672058700843 0.5 1.0 0 134 0.005 0.095 0.0 0.0 1000.0 1 mini
note_add 22 135 0 69 46 0.713342838517 0.5 1.0 0 134 0.005 0.095 0.0 0.0 1000.0 1 mini
note_add 23 135 0 72 24 0.814866032884 0.5 1.0 0 134 0.005 0.095 0.0 0.0 1000.0 1 mini
note_add 24 135 0 72 40 0.889667532579 0.5 1.0 0 134 0.005 0.095 0.0 0.0 1000.0 1 mini
note_add 25 135 0 72 46 0.776239732087 0.5 1.0 0 134 0.005 0.095 0.0 0.0 1000.0 1 mini
note_add 26 135 0 75 46 0.675880462039 0.5 1.0 0 134 0.005 0.095 0.0 0.0 1000.0 1 mini
note_add 27 135 0 78 46 0.671868861148 0.5 1.0 0 134 0.005 0.095 0.0 0.0 1000.0 1 mini
note_add 28 135 0 84 24 0.836260604208 0.5 1.0 0 134 0.005 0.095 0.0 0.0 1000.0 1 mini
note_add 29 135 0 84 40 0.818940212157 0.5 1.0 0 134 0.005 0.095 0.0 0.0 1000.0 1 mini
note_add 30 135 0 84 46 0.83111877382 0.5 1.0 0 134 0.005 0.095 0.0 0.0 1000.0 1 mini
note_add 31 135 0 87 46 0.695679165529 0.5 1.0 0 134 0.005 0.095 0.0 0.0 1000.0 1 mini
note_add 32 135 0 90 46 0.740443089298 0.5 1.0 0 134 0.005 0.095 0.0 0.0 1000.0 1 mini
note_add 33 135 0 96 24 0.890307027514 0.5 1.0 0 134 0.005 0.095 0.0 0.0 1000.0 1 mini
note_add 34 135 0 96 30 0.762510748675 0.5 1.0 0 134 0.005 0.095 0.0 0.0 1000.0 1 mini
note_add 35 135 0 96 40 0.832157115573 0.5 1.0 0 134 0.005 0.095 0.0 0.0 1000.0 1 mini
note_add 36 135 0 99 46 0.655803767415 0.5 1.0 0 134 0.005 0.095 0.0 0.0 1000.0 1 mini
note_add 37 135 0 108 24 0.797762171349 0.5 1.0 0 134 0.005 0.095 0.0 0.0 1000.0 1 mini
note_add 38 135 0 108 40 0.759483721472 0.5 1.0 0 134 0.005 0.095 0.0 0.0 1000.0 1 mini
note_add 39 135 0 108 46 0.845441766146 0.5 1.0 0 134 0.005 0.095 0.0 0.0 1000.0 1 mini
note_add 40 135 0 111 40 0.699702783471 0.5 1.0 0 134 0.005 0.095 0.0 0.0 1000.0 1 mini
note_add 41 135 0 114 40 0.689496334399 0.5 1.0 0 134 0.005 0.095 0.0 0.0 1000.0 1 mini
note_add 42 135 0 114 46 0.657048001966 0.5 1.0 0 134 0.005 0.095 0.0 0.0 1000.0 1 mini
note_add 43 135 0 120 46 0.755503229241 0.5 1.0 0 134 0.005 0.095 0.0 0.0 1000.0 1 mini
note_add 44 135 0 123 46 0.704042773834 0.5 1.0 0 134 0.005 0.095 0.0 0.0 1000.0 1 mini
note_add 45 135 0 126 46 0.68229946159 0.5 1.0 0 134 0.005 0.095 0.0 0.0 1000.0 1 mini
note_add 46 135 0 129 46 0.69000561349 0.5 1.0 0 134 0.005 0.095 0.0 0.0 1000.0 1 mini
note_add 47 135 0 132 24 0.839130154525 0.5 1.0 0 134 0.005 0.095 0.0 0.0 1000.0 1 mini
note_add 48 135 0 132 46 0.889880349159 0.5 1.0 0 134 0.005 0.095 0.0 0.0 1000.0 1 mini
note_add 49 135 0 135 40 0.738733169547 0.5 1.0 0 134 0.005 0.095 0.0 0.0 1000.0 1 mini
note_add 50 135 0 138 46 0.7118972315 0.5 1.0 0 134 0.005 0.095 0.0 0.0 1000.0 1 mini
note_add 51 135 0 141 46 0.697218152459 0.5 1.0 0 134 0.005 0.095 0.0 0.0 1000.0 1 mini
page_add 136 12 0 ['kalimba', 'kalimba', 'kalimba', 'kalimba', 'drum1kit']
note_add 1 136 0 0 24 0.958677899533 0.5 1.0 0 137 0.005 0.095 0.0 0.0 1000.0 1 mini
note_add 2 136 0 0 36 0.957395097118 0.5 1.0 0 137 0.005 0.095 0.0 0.0 1000.0 1 mini
note_add 3 136 0 3 40 0.695584667733 0.5 1.0 0 137 0.005 0.095 0.0 0.0 1000.0 1 mini
note_add 4 136 0 6 46 0.709913552971 0.5 1.0 0 137 0.005 0.095 0.0 0.0 1000.0 1 mini
note_add 5 136 0 12 46 0.814283514695 0.5 1.0 0 137 0.005 0.095 0.0 0.0 1000.0 1 mini
note_add 6 136 0 21 46 0.652318940232 0.5 1.0 0 137 0.005 0.095 0.0 0.0 1000.0 1 mini
note_add 7 136 0 24 28 0.816499614689 0.5 1.0 0 137 0.005 0.095 0.0 0.0 1000.0 1 mini
note_add 8 136 0 24 30 0.776365537542 0.5 1.0 0 137 0.005 0.095 0.0 0.0 1000.0 1 mini
note_add 9 136 0 24 48 0.780621408683 0.5 1.0 0 137 0.005 0.095 0.0 0.0 1000.0 1 mini
note_add 10 136 0 27 40 0.673000838165 0.5 1.0 0 137 0.005 0.095 0.0 0.0 1000.0 1 mini
note_add 11 136 0 30 48 0.707762473963 0.5 1.0 0 137 0.005 0.095 0.0 0.0 1000.0 1 mini
note_add 12 136 0 36 24 0.754311852941 0.5 1.0 0 137 0.005 0.095 0.0 0.0 1000.0 1 mini
note_add 13 136 0 36 32 0.809911941415 0.5 1.0 0 137 0.005 0.095 0.0 0.0 1000.0 1 mini
note_add 14 136 0 39 36 0.709172059934 0.5 1.0 0 137 0.005 0.095 0.0 0.0 1000.0 1 mini
note_add 15 136 0 42 46 0.709178396033 0.5 1.0 0 137 0.005 0.095 0.0 0.0 1000.0 1 mini
note_add 16 136 0 48 28 0.889751710993 0.5 1.0 0 137 0.005 0.095 0.0 0.0 1000.0 1 mini
note_add 17 136 0 48 32 0.757113617429 0.5 1.0 0 137 0.005 0.095 0.0 0.0 1000.0 1 mini
note_add 18 136 0 48 36 0.787710901343 0.5 1.0 0 137 0.005 0.095 0.0 0.0 1000.0 1 mini
note_add 19 136 0 54 36 0.695031252883 0.5 1.0 0 137 0.005 0.095 0.0 0.0 1000.0 1 mini
note_add 20 136 0 54 48 0.715639324285 0.5 1.0 0 137 0.005 0.095 0.0 0.0 1000.0 1 mini
note_add 21 136 0 60 24 0.820991376901 0.5 1.0 0 137 0.005 0.095 0.0 0.0 1000.0 1 mini
note_add 22 136 0 60 30 0.894170076054 0.5 1.0 0 137 0.005 0.095 0.0 0.0 1000.0 1 mini
note_add 23 136 0 60 40 0.859592812481 0.5 1.0 0 137 0.005 0.095 0.0 0.0 1000.0 1 mini
note_add 24 136 0 63 40 0.697973534999 0.5 1.0 0 137 0.005 0.095 0.0 0.0 1000.0 1 mini
note_add 25 136 0 66 46 0.688872777644 0.5 1.0 0 137 0.005 0.095 0.0 0.0 1000.0 1 mini
note_add 26 136 0 69 46 0.719208448231 0.5 1.0 0 137 0.005 0.095 0.0 0.0 1000.0 1 mini
note_add 27 136 0 72 24 0.800595154402 0.5 1.0 0 137 0.005 0.095 0.0 0.0 1000.0 1 mini
note_add 28 136 0 72 46 0.764643381398 0.5 1.0 0 137 0.005 0.095 0.0 0.0 1000.0 1 mini
note_add 29 136 0 78 46 0.723191842691 0.5 1.0 0 137 0.005 0.095 0.0 0.0 1000.0 1 mini
note_add 30 136 0 84 28 0.828286556939 0.5 1.0 0 137 0.005 0.095 0.0 0.0 1000.0 1 mini
note_add 31 136 0 84 46 0.845387809767 0.5 1.0 0 137 0.005 0.095 0.0 0.0 1000.0 1 mini
note_add 32 136 0 90 40 0.72379910578 0.5 1.0 0 137 0.005 0.095 0.0 0.0 1000.0 1 mini
note_add 33 136 0 90 46 0.67920193237 0.5 1.0 0 137 0.005 0.095 0.0 0.0 1000.0 1 mini
note_add 34 136 0 93 36 0.710673369593 0.5 1.0 0 137 0.005 0.095 0.0 0.0 1000.0 1 mini
note_add 35 136 0 96 40 0.866911890102 0.5 1.0 0 137 0.005 0.095 0.0 0.0 1000.0 1 mini
note_add 36 136 0 96 46 0.864716991607 0.5 1.0 0 137 0.005 0.095 0.0 0.0 1000.0 1 mini
note_add 37 136 0 102 48 0.690788223058 0.5 1.0 0 137 0.005 0.095 0.0 0.0 1000.0 1 mini
note_add 38 136 0 105 48 0.700883408162 0.5 1.0 0 137 0.005 0.095 0.0 0.0 1000.0 1 mini
note_add 39 136 0 108 24 0.897018885548 0.5 1.0 0 137 0.005 0.095 0.0 0.0 1000.0 1 mini
note_add 40 136 0 111 36 0.680767605337 0.5 1.0 0 137 0.005 0.095 0.0 0.0 1000.0 1 mini
note_add 41 136 0 111 46 0.666051784924 0.5 1.0 0 137 0.005 0.095 0.0 0.0 1000.0 1 mini
note_add 42 136 0 114 48 0.696318980372 0.5 1.0 0 137 0.005 0.095 0.0 0.0 1000.0 1 mini
note_add 43 136 0 120 24 0.75241944783 0.5 1.0 0 137 0.005 0.095 0.0 0.0 1000.0 1 mini
note_add 44 136 0 120 36 0.891979111334 0.5 1.0 0 137 0.005 0.095 0.0 0.0 1000.0 1 mini
note_add 45 136 0 120 48 0.857371191198 0.5 1.0 0 137 0.005 0.095 0.0 0.0 1000.0 1 mini
note_add 46 136 0 123 40 0.685060726604 0.5 1.0 0 137 0.005 0.095 0.0 0.0 1000.0 1 mini
note_add 47 136 0 126 48 0.650714769414 0.5 1.0 0 137 0.005 0.095 0.0 0.0 1000.0 1 mini
note_add 48 136 0 129 46 0.650064075587 0.5 1.0 0 137 0.005 0.095 0.0 0.0 1000.0 1 mini
note_add 49 136 0 132 46 0.8984482933 0.5 1.0 0 137 0.005 0.095 0.0 0.0 1000.0 1 mini
note_add 50 136 0 138 48 0.74548813292 0.5 1.0 0 137 0.005 0.095 0.0 0.0 1000.0 1 mini
note_add 51 136 0 141 46 0.651793758835 0.5 1.0 0 137 0.005 0.095 0.0 0.0 1000.0 1 mini
block_add Drum False 158 64 False {'name': 'drum5kit', 'regularity': 0.59999999999999998, 'page': 136, 'volume': 0.5, 'beats': 12, 'seed': 0.61058227696419964, 'key': 61, 'reverb': 0.0, 'id': 'drum5kit'}
block_add Drum False 285 65 False {'name': 'drum2kit', 'regularity': 0.80000000000000004, 'id': 'drum2kit', 'volume': 0.5, 'beats': 12, 'key': 60, 'reverb': 0.0, 'page': 135}
block_add Instrument False 107 300 False {'volume': 0.5, 'reverb': 0, 'name': 'drum2kit', 'pan': 0.5, 'id': 'drum2kit'}
block_add Loop False 294 300 True {'key': 19, 'beats': 12, 'name': 'loop12_0', 'regularity': 0.80000000000000004, 'id': 129}
block_add Loop False 578 300 True {'key': None, 'beats': 12, 'name': 'loop12_0', 'regularity': 0.80000000000000004, 'id': 132}
block_add Loop False 862 300 True {'key': None, 'beats': 12, 'name': 'loop12_0', 'regularity': 0.80000000000000004, 'id': 128}
block_add Instrument False 108 420 False {'volume': 0.5, 'reverb': 0, 'name': 'drum3kit', 'pan': 0.5, 'id': 'drum3kit'}
block_add Loop False 295 420 True {'key': 20, 'beats': 12, 'name': 'loop12_0', 'regularity': 0.80000000000000004, 'id': 127}
block_add Loop False 579 420 True {'key': None, 'beats': 12, 'name': 'loop12_0', 'regularity': 0.80000000000000004, 'id': 126}
block_add Loop False 863 420 True {'key': None, 'beats': 12, 'name': 'loop12_1', 'regularity': 1.0, 'id': 134}
block_add Instrument True 110 188 False {'volume': 0.5, 'reverb': 0, 'name': 'drum5kit', 'pan': 0.5, 'id': 'drum5kit'}
block_add Loop False 297 188 True {'key': 18, 'beats': 12, 'name': 'loop12_2', 'regularity': 1.0, 'id': 133}
block_add Loop False 581 188 True {'key': None, 'beats': 12, 'name': 'loop12_0', 'regularity': 0.80000000000000004, 'id': 131}
block_add Loop False 865 188 True {'key': None, 'beats': 12, 'name': 'loop12_0', 'regularity': 0.80000000000000004, 'id': 130}
sync_beats 12
