page_add 382 7 0 []
note_add 31 382 0 0 24 0.951948069916 0.5 1 0 134 0.005 0.095 0.3 0 1000 0 mini
note_add 36 382 0 0 32 0.919923712337 0.5 1 0 134 0.005 0.095 0.3 0 1000 0 mini
note_add 38 382 0 0 40 0.960914247312 0.5 1 0 134 0.005 0.095 0.3 0 1000 0 mini
note_add 46 382 0 0 46 0.912941581367 0.5 1 0 134 0.005 0.095 0.3 0 1000 0 mini
note_add 39 382 0 3 36 0.709655155785 0.5 1 0 134 0.005 0.095 0.3 0 1000 0 mini
note_add 47 382 0 6 46 0.658737039521 0.5 1 0 134 0.005 0.095 0.3 0 1000 0 mini
note_add 32 382 0 12 24 0.895326447489 0.5 1 0 134 0.005 0.095 0.3 0 1000 0 mini
note_add 48 382 0 12 48 0.784062110485 0.5 1 0 134 0.005 0.095 0.3 0 1000 0 mini
note_add 40 382 0 18 36 0.665854773177 0.5 1 0 134 0.005 0.095 0.3 0 1000 0 mini
note_add 33 382 0 24 28 0.890573436098 0.5 1 0 134 0.005 0.095 0.3 0 1000 0 mini
note_add 49 382 0 24 48 0.835216098762 0.5 1 0 134 0.005 0.095 0.3 0 1000 0 mini
note_add 41 382 0 30 40 0.713401484832 0.5 1 0 134 0.005 0.095 0.3 0 1000 0 mini
note_add 50 382 0 30 46 0.661642123757 0.5 1 0 134 0.005 0.095 0.3 0 1000 0 mini
note_add 34 382 0 36 24 0.788682857114 0.5 1 0 134 0.005 0.095 0.3 0 1000 0 mini
note_add 51 382 0 36 48 0.752289636747 0.5 1 0 134 0.005 0.095 0.3 0 1000 0 mini
note_add 52 382 0 42 48 0.678146284702 0.5 1 0 134 0.005 0.095 0.3 0 1000 0 mini
note_add 53 382 0 45 46 0.688483175977 0.5 1 0 134 0.005 0.095 0.3 0 1000 0 mini
note_add 35 382 0 48 28 0.754860499565 0.5 1 0 134 0.005 0.095 0.3 0 1000 0 mini
note_add 37 382 0 48 30 0.796130048831 0.5 1 0 134 0.005 0.095 0.3 0 1000 0 mini
note_add 54 382 0 48 48 0.872741027244 0.5 1 0 134 0.005 0.095 0.3 0 1000 0 mini
note_add 55 382 0 54 46 0.671214031963 0.5 1 0 134 0.005 0.095 0.3 0 1000 0 mini
note_add 42 382 0 57 36 0.734275058829 0.5 1 0 134 0.005 0.095 0.3 0 1000 0 mini
note_add 43 382 0 60 36 0.823967988269 0.5 1 0 134 0.005 0.095 0.3 0 1000 0 mini
note_add 56 382 0 60 48 0.851120505955 0.5 1 0 134 0.005 0.095 0.3 0 1000 0 mini
note_add 44 382 0 66 36 0.664408878666 0.5 1 0 134 0.005 0.095 0.3 0 1000 0 mini
note_add 57 382 0 66 48 0.656754322919 0.5 1 0 134 0.005 0.095 0.3 0 1000 0 mini
note_add 58 382 0 72 46 0.817133930806 0.5 1 0 134 0.005 0.095 0.3 0 1000 0 mini
note_add 59 382 0 78 46 0.745547327671 0.5 1 0 134 0.005 0.095 0.3 0 1000 0 mini
note_add 45 382 0 81 40 0.679146482475 0.5 1 0 134 0.005 0.095 0.3 0 1000 0 mini
page_add 392 7 0 []
note_add 1 392 0 0 32 0.994299643073 0.5 6.0 0 1 0.005 0.098 0.1 0.0 1000.0 1 edit
note_add 2 392 0 6 46 0.738402962047 0.5 6.0 0 1 0.005 0.098 0.1 0.0 1000.0 1 edit
note_add 3 392 0 12 32 0.834643979888 0.5 6.0 0 1 0.005 0.098 0.1 0.0 1000.0 1 edit
note_add 4 392 0 18 41 0.709677800192 0.5 6.0 0 1 0.005 0.098 0.1 0.0 1000.0 1 edit
note_add 5 392 0 24 32 0.792564704361 0.5 18.0 0 1 0.005 0.098 0.1 0.0 1000.0 1 edit
note_add 6 392 0 42 32 0.736310799475 0.5 12.0 0 1 0.005 0.098 0.1 0.0 1000.0 1 edit
note_add 7 392 0 54 46 0.735363369615 0.5 12.0 0 1 0.005 0.098 0.1 0.0 1000.0 1 edit
note_add 8 392 0 66 32 0.686480691914 0.5 6.0 0 1 0.005 0.098 0.1 0.0 1000.0 1 edit
note_add 9 392 0 72 41 0.813155491409 0.5 12.0 0 1 0.005 0.098 0.1 0.0 1000.0 1 edit
page_add 391 7 0 []
note_add 1 391 0 0 32 0.977474510439 0.5 6.0 0 1 0.005 0.098 0.1 0.0 1000.0 1 edit
note_add 2 391 0 6 32 0.707918813499 0.5 12.0 0 1 0.005 0.098 0.1 0.0 1000.0 1 edit
note_add 3 391 0 18 32 0.733850711992 0.5 6.0 0 1 0.005 0.098 0.1 0.0 1000.0 1 edit
note_add 4 391 0 24 34 0.857051574163 0.5 6.0 0 1 0.005 0.098 0.1 0.0 1000.0 1 edit
note_add 5 391 0 30 32 0.668454750857 0.5 6.0 0 1 0.005 0.098 0.1 0.0 1000.0 1 edit
note_add 6 391 0 36 32 0.788716541461 0.5 12.0 0 1 0.005 0.098 0.1 0.0 1000.0 1 edit
note_add 7 391 0 48 32 0.86697793635 0.5 3.0 0 1 0.005 0.098 0.1 0.0 1000.0 1 edit
note_add 8 391 0 51 34 0.688630466836 0.5 3.0 0 1 0.005 0.098 0.1 0.0 1000.0 1 edit
note_add 9 391 0 54 32 0.67683408959 0.5 6.0 0 1 0.005 0.098 0.1 0.0 1000.0 1 edit
note_add 10 391 0 60 32 0.80114956131 0.5 6.0 0 1 0.005 0.098 0.1 0.0 1000.0 1 edit
note_add 11 391 0 66 32 0.706614786384 0.5 6.0 0 1 0.005 0.098 0.1 0.0 1000.0 1 edit
note_add 12 391 0 72 34 0.87371723136 0.5 3.0 0 1 0.005 0.098 0.1 0.0 1000.0 1 edit
note_add 13 391 0 75 32 0.723553578301 0.5 3.0 0 1 0.005 0.098 0.1 0.0 1000.0 1 edit
note_add 14 391 0 78 32 0.67938094618 0.5 3.0 0 1 0.005 0.098 0.1 0.0 1000.0 1 edit
note_add 15 391 0 81 32 0.651122275732 0.5 3.0 0 1 0.005 0.098 0.1 0.0 1000.0 1 edit
page_add 390 7 0 []
note_add 1 390 0 0 44 0.950684130482 0.5 6.0 0 1 0.005 0.098 0.1 0.0 1000.0 1 edit
note_add 2 390 0 6 38 0.743923505744 0.5 12.0 0 1 0.005 0.098 0.1 0.0 1000.0 1 edit
note_add 3 390 0 18 44 0.674226869975 0.5 18.0 0 1 0.005 0.098 0.1 0.0 1000.0 1 edit
note_add 4 390 0 36 41 0.894204673681 0.5 6.0 0 1 0.005 0.098 0.1 0.0 1000.0 1 edit
note_add 5 390 0 42 48 0.653172057252 0.5 6.0 0 1 0.005 0.098 0.1 0.0 1000.0 1 edit
note_add 6 390 0 48 32 0.869912247789 0.5 18.0 0 1 0.005 0.098 0.1 0.0 1000.0 1 edit
note_add 7 390 0 66 43 0.707500105747 0.5 12.0 0 1 0.005 0.098 0.1 0.0 1000.0 1 edit
note_add 8 390 0 78 44 0.712916834774 0.5 6.0 0 1 0.005 0.098 0.1 0.0 1000.0 1 edit
page_add 389 7 0 []
note_add 1 389 0 0 32 0.929137794329 0.5 6.0 0 1 0.005 0.098 0.1 0.0 1000.0 1 edit
note_add 2 389 0 6 32 0.658516835329 0.5 12.0 0 1 0.005 0.098 0.1 0.0 1000.0 1 edit
note_add 3 389 0 18 38 0.681658393996 0.5 12.0 0 1 0.005 0.098 0.1 0.0 1000.0 1 edit
note_add 4 389 0 30 32 0.699822449365 0.5 6.0 0 1 0.005 0.098 0.1 0.0 1000.0 1 edit
note_add 5 389 0 36 32 0.817283176061 0.5 12.0 0 1 0.005 0.098 0.1 0.0 1000.0 1 edit
note_add 6 389 0 48 44 0.774057810069 0.5 18.0 0 1 0.005 0.098 0.1 0.0 1000.0 1 edit
note_add 7 389 0 66 48 0.747100920691 0.5 6.0 0 1 0.005 0.098 0.1 0.0 1000.0 1 edit
note_add 8 389 0 72 48 0.812377589911 0.5 3.0 0 1 0.005 0.098 0.1 0.0 1000.0 1 edit
note_add 9 389 0 75 32 0.681312168088 0.5 3.0 0 1 0.005 0.098 0.1 0.0 1000.0 1 edit
note_add 10 389 0 78 32 0.733215412992 0.5 6.0 0 1 0.005 0.098 0.1 0.0 1000.0 1 edit
block_add Drum False 233 354 False {'name': 'drum2kit', 'regularity': 0.69999999999999996, 'id': 'drum2kit', 'volume': 0.5, 'beats': 7, 'key': 61, 'reverb': 0.29999999999999999, 'page': 382}
block_add Instrument False 427 237 False {'volume': 0.5, 'reverb': 0, 'name': 'rhodes', 'pan': 0.5, 'id': 'rhodes'}
block_add Loop False 557 237 True {'key': 20, 'beats': 7, 'name': 'loop07_4', 'regularity': 0.80000000000000004, 'id': 389}
block_add Instrument True 427 376 False {'volume': 0.5, 'reverb': 0, 'name': 'guit2', 'pan': 0.5, 'id': 'guit2'}
block_add Loop False 557 376 True {'key': 21, 'beats': 7, 'name': 'loop07_1', 'regularity': 0.80000000000000004, 'id': 391}
block_add Instrument False 426 105 False {'volume': 0.5, 'reverb': 0, 'name': 'clarinette', 'pan': 0.5, 'id': 'clarinette'}
block_add Loop False 556 105 True {'key': 19, 'beats': 7, 'name': 'loop07_3', 'regularity': 0.80000000000000004, 'id': 390}
block_add Loop False 725 105 True {'key': None, 'beats': 7, 'name': 'loop07_2', 'regularity': 0.80000000000000004, 'id': 392}
sync_beats 7
