page_add 421 10 0 []
note_add 1 421 0 0 32 0.918429565796 0.5 12.0 0 1 0.005 0.098 0.1 0.0 1000.0 1 edit
note_add 2 421 0 12 32 0.896238657828 0.5 12.0 0 1 0.005 0.098 0.1 0.0 1000.0 1 edit
note_add 3 421 0 24 43 0.859990108109 0.5 12.0 0 1 0.005 0.098 0.1 0.0 1000.0 1 edit
note_add 4 421 0 36 36 0.780084722939 0.5 18.0 0 1 0.005 0.098 0.1 0.0 1000.0 1 edit
note_add 5 421 0 54 38 0.727509225141 0.5 12.0 0 1 0.005 0.098 0.1 0.0 1000.0 1 edit
note_add 6 421 0 66 48 0.677444860539 0.5 12.0 0 1 0.005 0.098 0.1 0.0 1000.0 1 edit
note_add 7 421 0 78 32 0.704849216477 0.5 6.0 0 1 0.005 0.098 0.1 0.0 1000.0 1 edit
note_add 8 421 0 84 32 0.834177866777 0.5 12.0 0 1 0.005 0.098 0.1 0.0 1000.0 1 edit
note_add 9 421 0 96 32 0.776622928055 0.5 12.0 0 1 0.005 0.098 0.1 0.0 1000.0 1 edit
note_add 10 421 0 108 43 0.750845342026 0.5 6.0 0 1 0.005 0.098 0.1 0.0 1000.0 1 edit
note_add 11 421 0 114 36 0.706362269841 0.5 6.0 0 1 0.005 0.098 0.1 0.0 1000.0 1 edit
page_add 420 10 0 []
note_add 11 420 0 0 34 0.983380987886 0.5 3 0 85 0.002 0.1 0.1 0 1000 0 edit
note_add 12 420 0 12 44 0.83674200518 0.5 3 0 85 0.002 0.1 0.1 0 1000 0 edit
note_add 13 420 0 15 36 0.682572739931 0.5 3 0 85 0.002 0.1 0.1 0 1000 0 edit
note_add 14 420 0 21 31 0.747394161322 0.5 3 0 85 0.002 0.1 0.1 0 1000 0 edit
note_add 15 420 0 30 44 0.718435260998 0.5 3 0 85 0.002 0.1 0.1 0 1000 0 edit
note_add 16 420 0 36 34 0.869714981394 0.5 3 0 85 0.002 0.1 0.1 0 1000 0 edit
note_add 17 420 0 39 34 0.736737954325 0.5 3 0 85 0.002 0.1 0.1 0 1000 0 edit
note_add 18 420 0 42 31 0.67758347957 0.5 6 0 85 0.002 0.1 0.1 0 1000 0 edit
note_add 19 420 0 48 36 0.856019879953 0.5 6 0 85 0.002 0.1 0.1 0 1000 0 edit
note_add 20 420 0 54 44 0.66645456743 0.5 6 0 85 0.002 0.1 0.1 0 1000 0 edit
note_add 21 420 0 60 36 0.849256152684 0.5 6 0 85 0.002 0.1 0.1 0 1000 0 edit
note_add 22 420 0 72 36 0.895720392577 0.5 3 0 85 0.002 0.1 0.1 0 1000 0 edit
note_add 23 420 0 75 44 0.713992192205 0.5 3 0 85 0.002 0.1 0.1 0 1000 0 edit
note_add 24 420 0 78 36 0.682691469716 0.5 6 0 85 0.002 0.1 0.1 0 1000 0 edit
note_add 25 420 0 84 34 0.881799131842 0.5 6 0 85 0.002 0.1 0.1 0 1000 0 edit
note_add 26 420 0 90 34 0.725244364461 0.5 6 0 85 0.002 0.1 0.1 0 1000 0 edit
note_add 27 420 0 102 36 0.680834938312 0.5 3 0 85 0.002 0.1 0.1 0 1000 0 edit
note_add 28 420 0 105 44 0.748958223363 0.5 3 0 85 0.002 0.1 0.1 0 1000 0 edit
note_add 29 420 0 108 36 0.812608233776 0.5 3 0 85 0.002 0.1 0.1 0 1000 0 edit
note_add 30 420 0 111 34 0.699873693657 0.5 3 0 85 0.002 0.1 0.1 0 1000 0 edit
note_add 31 420 0 114 31 0.735098161161 0.5 6 0 85 0.002 0.1 0.1 0 1000 0 edit
page_add 419 10 0 []
note_add 1 419 0 0 44 0.95139538384 0.5 18.0 0 1 0.005 0.098 0.1 0.0 1000.0 1 edit
note_add 2 419 0 18 48 0.723914992791 0.5 12.0 0 1 0.005 0.098 0.1 0.0 1000.0 1 edit
note_add 3 419 0 30 32 0.72952006514 0.5 18.0 0 1 0.005 0.098 0.1 0.0 1000.0 1 edit
note_add 4 419 0 48 46 0.789405290609 0.5 12.0 0 1 0.005 0.098 0.1 0.0 1000.0 1 edit
note_add 5 419 0 60 32 0.8646752285 0.5 6.0 0 1 0.005 0.098 0.1 0.0 1000.0 1 edit
note_add 6 419 0 66 44 0.717710545482 0.5 6.0 0 1 0.005 0.098 0.1 0.0 1000.0 1 edit
note_add 7 419 0 72 48 0.751895182545 0.5 12.0 0 1 0.005 0.098 0.1 0.0 1000.0 1 edit
note_add 8 419 0 84 32 0.807500121395 0.5 18.0 0 1 0.005 0.098 0.1 0.0 1000.0 1 edit
note_add 9 419 0 102 46 0.721952453815 0.5 12.0 0 1 0.005 0.098 0.1 0.0 1000.0 1 edit
note_add 10 419 0 114 32 0.670629591428 0.5 6.0 0 1 0.005 0.098 0.1 0.0 1000.0 1 edit
page_add 418 10 0 []
note_add 48 418 0 0 46 0.925263522846 0.5 3 0 80 0.002 0.1 0.1 0 1000 0 edit
note_add 49 418 0 3 39 0.698304422773 0.5 3 0 80 0.002 0.1 0.1 0 1000 0 edit
note_add 50 418 0 6 38 0.684228643396 0.5 3 0 80 0.002 0.1 0.1 0 1000 0 edit
note_add 51 418 0 9 32 0.709259396623 0.5 3 0 80 0.002 0.1 0.1 0 1000 0 edit
note_add 52 418 0 12 24 0.826827640859 0.5 3 0 80 0.002 0.1 0.1 0 1000 0 edit
note_add 53 418 0 15 26 0.713123518186 0.5 3 0 80 0.002 0.1 0.1 0 1000 0 edit
note_add 54 418 0 18 46 0.689588214534 0.5 3 0 80 0.002 0.1 0.1 0 1000 0 edit
note_add 55 418 0 21 39 0.664151720331 0.5 3 0 80 0.002 0.1 0.1 0 1000 0 edit
note_add 56 418 0 24 38 0.751308269509 0.5 3 0 80 0.002 0.1 0.1 0 1000 0 edit
note_add 57 418 0 27 32 0.676286367615 0.5 3 0 80 0.002 0.1 0.1 0 1000 0 edit
note_add 58 418 0 30 24 0.653380379746 0.5 6 0 80 0.002 0.1 0.1 0 1000 0 edit
note_add 59 418 0 36 46 0.898407657009 0.5 6 0 80 0.002 0.1 0.1 0 1000 0 edit
note_add 60 418 0 42 39 0.668429800814 0.5 6 0 80 0.002 0.1 0.1 0 1000 0 edit
note_add 61 418 0 48 38 0.780027249459 0.5 6 0 80 0.002 0.1 0.1 0 1000 0 edit
note_add 62 418 0 54 32 0.682817269748 0.5 3 0 80 0.002 0.1 0.1 0 1000 0 edit
note_add 63 418 0 57 24 0.68273812534 0.5 3 0 80 0.002 0.1 0.1 0 1000 0 edit
note_add 64 418 0 60 26 0.848078006114 0.5 6 0 80 0.002 0.1 0.1 0 1000 0 edit
note_add 65 418 0 66 46 0.654431337205 0.5 3 0 80 0.002 0.1 0.1 0 1000 0 edit
note_add 66 418 0 69 39 0.738852542289 0.5 3 0 80 0.002 0.1 0.1 0 1000 0 edit
note_add 67 418 0 72 38 0.799686660509 0.5 6 0 80 0.002 0.1 0.1 0 1000 0 edit
note_add 68 418 0 84 24 0.845593316804 0.5 3 0 80 0.002 0.1 0.1 0 1000 0 edit
note_add 69 418 0 87 46 0.704364293315 0.5 3 0 80 0.002 0.1 0.1 0 1000 0 edit
note_add 70 418 0 90 39 0.661630443498 0.5 3 0 80 0.002 0.1 0.1 0 1000 0 edit
note_add 71 418 0 93 38 0.740443169316 0.5 3 0 80 0.002 0.1 0.1 0 1000 0 edit
note_add 72 418 0 96 32 0.807690776029 0.5 6 0 80 0.002 0.1 0.1 0 1000 0 edit
note_add 73 418 0 102 24 0.6529218039 0.5 6 0 80 0.002 0.1 0.1 0 1000 0 edit
note_add 74 418 0 108 26 0.877015592743 0.5 6 0 80 0.002 0.1 0.1 0 1000 0 edit
note_add 75 418 0 114 46 0.672465289353 0.5 6 0 80 0.002 0.1 0.1 0 1000 0 edit
page_add 417 10 0 []
note_add 1 417 0 0 34 0.997748569928 0.5 3.0 0 1 0.005 0.098 0.1 0.0 1000.0 1 edit
note_add 2 417 0 3 44 0.723576813399 0.5 3.0 0 1 0.005 0.098 0.1 0.0 1000.0 1 edit
note_add 3 417 0 6 44 0.741871004859 0.5 12.0 0 1 0.005 0.098 0.1 0.0 1000.0 1 edit
note_add 4 417 0 18 38 0.689398479169 0.5 12.0 0 1 0.005 0.098 0.1 0.0 1000.0 1 edit
note_add 5 417 0 30 34 0.660355615404 0.5 6.0 0 1 0.005 0.098 0.1 0.0 1000.0 1 edit
note_add 6 417 0 36 44 0.82625049286 0.5 6.0 0 1 0.005 0.098 0.1 0.0 1000.0 1 edit
note_add 7 417 0 42 44 0.741988630551 0.5 6.0 0 1 0.005 0.098 0.1 0.0 1000.0 1 edit
note_add 8 417 0 48 38 0.775260691012 0.5 6.0 0 1 0.005 0.098 0.1 0.0 1000.0 1 edit
note_add 9 417 0 54 34 0.7332263108 0.5 3.0 0 1 0.005 0.098 0.1 0.0 1000.0 1 edit
note_add 10 417 0 57 44 0.703461223395 0.5 3.0 0 1 0.005 0.098 0.1 0.0 1000.0 1 edit
note_add 11 417 0 60 44 0.832207143811 0.5 12.0 0 1 0.005 0.098 0.1 0.0 1000.0 1 edit
note_add 12 417 0 72 38 0.808919522624 0.5 12.0 0 1 0.005 0.098 0.1 0.0 1000.0 1 edit
note_add 13 417 0 84 34 0.809984476763 0.5 6.0 0 1 0.005 0.098 0.1 0.0 1000.0 1 edit
note_add 14 417 0 90 44 0.661661695398 0.5 6.0 0 1 0.005 0.098 0.1 0.0 1000.0 1 edit
note_add 15 417 0 96 44 0.7522709434 0.5 6.0 0 1 0.005 0.098 0.1 0.0 1000.0 1 edit
note_add 16 417 0 102 38 0.651370296265 0.5 6.0 0 1 0.005 0.098 0.1 0.0 1000.0 1 edit
note_add 17 417 0 108 34 0.88308853473 0.5 6.0 0 1 0.005 0.098 0.1 0.0 1000.0 1 edit
note_add 18 417 0 114 44 0.656056171207 0.5 6.0 0 1 0.005 0.098 0.1 0.0 1000.0 1 edit
page_add 416 4 0 []
note_add 1 416 0 0 24 0.985997811495 0.5 1 0 137 0.005 0.095 0.0 0 1000 0 mini
note_add 9 416 0 0 46 0.934730640424 0.5 1 0 137 0.005 0.095 0.0 0 1000 0 mini
note_add 10 416 0 6 46 0.703202160248 0.5 1 0 137 0.005 0.095 0.0 0 1000 0 mini
note_add 5 416 0 12 40 0.873260873896 0.5 1 0 137 0.005 0.095 0.0 0 1000 0 mini
note_add 11 416 0 12 46 0.786747495323 0.5 1 0 137 0.005 0.095 0.0 0 1000 0 mini
note_add 12 416 0 18 46 0.725739922852 0.5 1 0 137 0.005 0.095 0.0 0 1000 0 mini
note_add 2 416 0 24 24 0.876878572436 0.5 1 0 137 0.005 0.095 0.0 0 1000 0 mini
note_add 4 416 0 24 30 0.857453058371 0.5 1 0 137 0.005 0.095 0.0 0 1000 0 mini
note_add 6 416 0 24 40 0.752412546425 0.5 1 0 137 0.005 0.095 0.0 0 1000 0 mini
note_add 13 416 0 24 46 0.833645920311 0.5 1 0 137 0.005 0.095 0.0 0 1000 0 mini
note_add 7 416 0 27 40 0.70894625956 0.5 1 0 137 0.005 0.095 0.0 0 1000 0 mini
note_add 14 416 0 30 46 0.654331649255 0.5 1 0 137 0.005 0.095 0.0 0 1000 0 mini
note_add 15 416 0 33 46 0.714170454284 0.5 1 0 137 0.005 0.095 0.0 0 1000 0 mini
note_add 3 416 0 36 24 0.895251740637 0.5 1 0 137 0.005 0.095 0.0 0 1000 0 mini
note_add 8 416 0 39 40 0.695137600223 0.5 1 0 137 0.005 0.095 0.0 0 1000 0 mini
note_add 16 416 0 42 46 0.734528532894 0.5 1 0 137 0.005 0.095 0.0 0 1000 0 mini
block_add Drum False 227 67 False {'name': 'drum4kit', 'regularity': 0.80000000000000004, 'id': 'drum4kit', 'volume': 0.5, 'beats': 4, 'key': 61, 'reverb': 0.0, 'page': 416}
block_add Instrument False 234 224 False {'volume': 0.5, 'reverb': 0, 'name': 'harmonium', 'pan': 0.5, 'id': 'harmonium'}
block_add Loop False 398 224 True {'key': 18, 'beats': 10, 'name': 'loop10_1', 'regularity': 0.80000000000000004, 'id': 417}
block_add Loop False 636 224 True {'key': None, 'beats': 10, 'name': 'loop10_1', 'regularity': 0.80000000000000004, 'id': 418}
block_add Instrument False 234 359 False {'volume': 0.5, 'reverb': 0, 'name': 'rhodes', 'pan': 0.5, 'id': 'rhodes'} 
block_add Loop False 398 359 True {'key': 19, 'beats': 10, 'name': 'loop10_2', 'regularity': 0.80000000000000004, 'id': 419}
block_add Loop False 636 359 True {'key': None, 'beats': 10, 'name': 'loop10_2', 'regularity': 0.80000000000000004, 'id': 420}
block_add Instrument True 234 497 False {'volume': 0.5, 'reverb': 0, 'name': 'slap', 'pan': 0.5, 'id': 'slap'}
block_add Loop False 398 497 True {'key': 20, 'beats': 10, 'name': 'loop10_3', 'regularity': 0.80000000000000004, 'id': 421}
sync_beats 8
